   7.4760039e+00   6.8989483e+00   4.1443812e+00   3.3682769e+00   3.9712940e-01  -4.7397744e-01   4.1585499e-01  -1.2566969e+00
   8.5599249e+00   8.0826777e+00   7.7496414e+00   5.8440280e+00   1.9058205e+00   1.3431211e+00   1.4131161e+00   7.7879167e-01
   6.1308959e+00   5.2723361e+00   2.7488193e+00   4.1309086e+00   2.9725128e+00   1.5592968e+00   9.0725637e-01  -2.5879826e-01
   1.1524497e+01   1.2449378e+01   1.1421801e+01   9.0655306e+00   5.7800225e+00   4.0845039e+00   2.0620648e+00   1.5587761e+00
   6.6827222e+00   5.9392346e+00   1.1772867e+00   3.0150322e+00   1.3917344e+00  -1.4741341e+00  -3.2975959e+00  -4.3963590e-01
   1.6833346e+00  -6.4587206e-02   2.9690208e+00   1.9239796e+00  -1.5335246e+00  -2.5825860e+00  -8.4643982e-01  -2.7905693e+00
   2.2421417e+00   3.9926634e-01   2.9951702e+00   1.1667203e+00  -1.9948546e+00  -2.5151818e+00  -1.0613721e+00  -2.6346365e+00
  -6.1483921e+00  -6.2318582e+00  -8.9996938e+00  -5.3970733e+00  -1.1006688e+00  -5.8567741e-01  -1.2668403e+00   1.1490340e-01
  -7.3916890e+00  -5.5389470e+00  -1.0144063e+01  -7.0477315e+00  -3.1783840e+00  -7.7223935e-01  -1.5986146e+00   8.4900847e-02
  -7.1134673e+00  -5.6364864e+00  -6.6914806e+00  -4.6379666e+00  -2.6871623e+00  -1.5105170e+00  -1.5450990e+00  -1.5380398e+00
  -8.7921666e+00  -8.5784737e+00  -1.0205536e+01  -9.2536365e+00  -7.7802421e+00  -6.3537273e+00  -3.1624789e+00  -4.5728542e-01
  -7.6975843e+00  -3.7325751e+00  -1.7228772e+00   3.1360773e-01   5.0548196e-01   7.9305210e-01   1.8135654e+00   4.7202348e-01
  -2.8774259e+00  -2.4858206e+00  -3.9087668e+00  -1.1739386e+00  -6.8821922e-01   7.4310408e-01   2.7571489e-01   3.0838061e-01
  -3.0110910e+00  -3.9037571e+00  -4.2629378e+00  -2.1275224e+00  -1.5130497e+00   1.4649118e+00  -1.4677589e-01   2.0954397e-01
  -7.0332292e-02  -1.7034350e-01  -4.3840686e-01  -3.3459082e-01   2.3462775e-01   4.3105868e-01  -1.4412556e-02  -2.0863193e-01
  -8.8161290e-02  -3.7977846e-02  -6.1139562e-02  -2.5384548e-01  -2.3450089e-01  -4.0042517e-02  -4.1203029e-02  -3.1884500e-01
  -6.6354088e-02  -4.3883672e-02  -1.3713662e-01  -2.3536622e-01   1.9353862e-01  -1.1586084e-01  -8.1122127e-01  -2.8631294e-01
   3.6530981e-02  -1.0131856e-02  -3.5507230e-02  -1.0239130e-01  -3.1623637e-01  -4.3906664e-01  -3.4522631e-01  -2.3728884e-01
  -6.8204686e-02  -1.7908240e-01  -6.6764258e-01  -5.2465770e-01  -8.4217163e-01  -9.3350064e-01  -9.2207489e-01  -6.0554974e-01
   2.1815947e-01   8.8410377e-02  -2.8204544e-01  -4.3582244e-03  -1.4685173e-01   1.7110123e-02  -4.8414443e-01  -5.0832157e-01
   1.0706768e-01   1.5399781e-01   1.1155150e-01   6.1185077e-01   3.1171133e-01   2.0134957e-01  -3.3434586e-01  -3.7712582e-01
   2.0711422e-02   2.0711422e-02   2.0711422e-02   2.0711422e-02  -1.6555309e-01   3.9324045e-01   2.0697594e-01   2.0697594e-01
   2.0711422e-02   2.0711422e-02   2.0711422e-02   2.0711422e-02  -1.6555309e-01   2.0711422e-02   2.0697594e-01   2.0711422e-02
   2.0711422e-02   2.0711422e-02   2.0711422e-02   2.0711422e-02   2.0711422e-02  -1.6555309e-01  -9.1061115e-01  -1.6555309e-01
   2.0711422e-02   2.0711422e-02   2.0711422e-02   2.0711422e-02   2.0711422e-02  -1.6555309e-01   2.0711422e-02   2.0711422e-02
   2.0711422e-02   2.0711422e-02  -3.5181761e-01  -1.6555309e-01  -9.1061115e-01  -1.6556692e+00  -1.6556692e+00  -9.1061115e-01
   2.0697594e-01   2.0697594e-01   2.0711422e-02  -3.5181761e-01  -7.2434664e-01  -3.5181761e-01  -5.3808212e-01  -7.2434664e-01
   2.0697594e-01   2.0697594e-01   2.0697594e-01   3.9324045e-01  -1.6555309e-01   2.0711422e-02  -1.6555309e-01  -1.6555309e-01
  -4.3864993e+01  -4.8929322e+01  -5.1727353e+01  -5.3663004e+01  -5.4354042e+01  -5.4661924e+01  -5.4873659e+01  -5.4667108e+01
  -4.2411944e+01  -4.6378102e+01  -4.8661723e+01  -5.1081650e+01  -5.2641966e+01  -5.3185253e+01  -5.3397164e+01  -5.3166803e+01
  -4.1459846e+01  -4.5711738e+01  -4.7511648e+01  -4.8576176e+01  -4.9463593e+01  -5.0419628e+01  -5.0588107e+01  -5.0495050e+01
  -3.0395723e+01  -3.0986393e+01  -3.2810717e+01  -3.6292987e+01  -3.9979182e+01  -4.2183644e+01  -4.3087053e+01  -4.3328213e+01
  -3.0505452e+01  -3.6946480e+01  -4.1190597e+01  -4.1816476e+01  -4.1846970e+01  -4.1920275e+01  -4.2259083e+01  -4.2180975e+01
  -2.8442634e+01  -3.6522980e+01  -3.8661196e+01  -3.9052873e+01  -3.9019581e+01  -3.9057263e+01  -3.9225495e+01  -3.8705153e+01
  -3.0723097e+01  -3.9180040e+01  -4.1115950e+01  -4.1557110e+01  -4.1168245e+01  -4.1065683e+01  -4.1389762e+01  -4.1175875e+01
   5.6684022e+00   4.3673824e+00   4.0758191e+00   1.2072416e+00   2.2701128e+00   2.5882659e+00   1.0737320e-01  -3.2241499e-01
   5.0382437e+00   4.3410019e+00   3.8273263e+00   9.9958832e-01   1.5586306e+00   1.8376805e+00  -9.5349032e-01  -1.0569662e+00
   5.9750437e+00   4.7244394e+00   3.2426632e+00  -1.0503842e-01  -1.7214609e+00   3.3286955e-01   7.6399028e-01  -6.7621472e-01
   5.3706957e+00   6.6868128e+00   5.5557039e+00   5.3153913e+00   3.9149960e+00   3.3474981e+00   2.9900386e-01  -1.8016797e+00
   7.4797923e+00   4.6953778e+00   1.9441749e+00  -4.1987763e-01  -5.2741059e-01   3.0339188e-01   1.7878295e+00  -1.4067655e-01
   5.8257525e+00   3.3451683e+00   7.8408909e-01   2.4206707e-01   1.1586451e+00   1.2680565e+00   1.4303957e-01  -7.3719559e-01
   5.6535688e+00   3.0948936e+00   1.0639506e-01  -7.5661941e-02   1.1838607e+00   2.1067964e+00   8.2964643e-01  -5.1107102e-01
  -5.6497663e+00  -4.7535692e+00  -2.3632287e+00  -1.3615554e+00  -1.6730879e+00  -2.1529946e+00  -7.5998997e-01   1.4069728e+00
  -4.9202021e+00  -5.1023405e+00  -2.4595670e+00  -2.2331050e+00  -8.7702854e-01  -1.0871380e+00  -4.9442555e-02   1.4323975e+00
  -4.1077957e+00  -1.8709254e+00  -2.1108581e+00  -1.5372655e+00   1.5885017e-01   6.8876552e-01   4.0008180e-01  -5.5228514e-01
  -7.0023378e+00  -6.4696608e+00  -4.8060182e+00  -3.3196819e+00  -2.7817519e+00  -1.9457847e+00  -1.9557804e+00  -1.4721360e+00
  -5.3134400e+00  -5.2359098e+00   2.6176099e-01  -3.8787053e-01  -1.4447536e-01  -6.6764285e-01  -1.8913120e+00  -7.4193946e-01
  -5.4713990e+00  -4.9653729e+00  -2.5236256e+00  -9.7411045e-01  -1.9009741e+00   4.9633992e-01   3.5953456e-01  -4.2562139e-01
  -5.6729632e+00  -5.0797636e+00  -3.1701169e+00  -5.3087081e-01  -1.2449050e+00   1.4063767e-01   3.9341075e-01  -6.7283600e-01
  -5.9589284e+01  -6.4854077e+01  -6.7539308e+01  -6.8947427e+01  -6.9249097e+01  -7.0277701e+01  -7.2072836e+01  -7.2093786e+01
  -5.8161215e+01  -6.3487389e+01  -6.6936714e+01  -6.7613037e+01  -6.8088588e+01  -6.9054913e+01  -7.0554293e+01  -6.9824789e+01
  -5.6907995e+01  -6.2070854e+01  -6.3482620e+01  -6.4775432e+01  -6.5101691e+01  -6.6039416e+01  -6.7414980e+01  -6.7031737e+01
  -5.0833850e+01  -5.2828467e+01  -5.3161742e+01  -5.4859864e+01  -5.7826091e+01  -5.8328370e+01  -5.8444261e+01  -5.8454047e+01
  -4.7879178e+01  -5.3293472e+01  -5.6456644e+01  -5.7392687e+01  -5.7136714e+01  -5.7105378e+01  -5.7525971e+01  -5.7113134e+01
  -4.1885708e+01  -5.1525403e+01  -5.5529463e+01  -5.4693895e+01  -5.4221153e+01  -5.4740762e+01  -5.5369712e+01  -5.4725984e+01
  -4.3882508e+01  -5.4869236e+01  -5.7930227e+01  -5.6889906e+01  -5.5340186e+01  -5.6561868e+01  -5.7754649e+01  -5.7681484e+01
  -5.9701772e+01  -6.5448526e+01  -6.9374078e+01  -6.9839225e+01  -7.0746242e+01  -7.1050387e+01  -7.1037846e+01  -6.9673928e+01
  -5.9072493e+01  -6.3114452e+01  -6.6861961e+01  -6.7661530e+01  -6.8056452e+01  -6.8567841e+01  -6.9122789e+01  -6.7695379e+01
  -5.7637907e+01  -6.0704473e+01  -6.3956291e+01  -6.5151501e+01  -6.5842458e+01  -6.6328996e+01  -6.7567401e+01  -6.8273323e+01
  -4.9148349e+01  -5.0504024e+01  -5.2924781e+01  -5.4765571e+01  -5.7413163e+01  -5.9125817e+01  -5.9054198e+01  -5.9790747e+01
  -4.6744360e+01  -5.1482877e+01  -5.5629156e+01  -5.6317533e+01  -5.7406732e+01  -5.8136538e+01  -5.8836985e+01  -5.7491991e+01
  -4.0595662e+01  -5.1053489e+01  -5.5904999e+01  -5.5385246e+01  -5.7023347e+01  -5.5548464e+01  -5.5290320e+01  -5.5237211e+01
  -4.3713736e+01  -5.5748790e+01  -5.8507836e+01  -5.7773729e+01  -5.9137841e+01  -5.6898341e+01  -5.7452469e+01  -5.8434114e+01
