   7.0842696e+00   1.4287117e+01   1.4972101e+01   7.7402552e+00   6.7113670e+00   5.3745234e+00   3.6422445e+00   4.8656565e+00
   6.0460156e+00   1.2369962e+01   1.4429097e+01   9.1456452e+00   6.7933003e+00   5.4396976e+00   3.5246024e+00   4.9311830e+00
   3.4166877e+00   1.0876509e+01   1.4261670e+01   1.2909960e+01   1.3113958e+01   1.1113017e+01   9.2621190e+00   7.3098591e+00
   1.4534368e+01   2.0801307e+01   1.9448649e+01   9.6560136e+00   6.0434753e+00   9.7821793e+00   9.8858250e+00   1.3249951e+01
   1.1933609e+01   9.7340658e+00   7.5084844e+00   7.0990248e+00   1.7716724e+00   3.2189906e+00   3.1203513e+00   3.6713411e+00
   2.1081888e+00   5.2693152e+00   8.8254895e+00   8.8477731e+00   1.1449777e+00   4.8404771e-01   3.6989415e+00   3.6187987e+00
   4.9030908e+00   5.7444667e+00   1.2277501e+01   9.2274202e+00   1.8802968e+00   1.3994951e+00   3.4138357e+00   3.5676102e+00
  -9.0098420e+00  -1.2511532e+01  -1.6125737e+01  -9.3562867e+00  -6.2913800e+00  -3.7461754e+00  -3.5376011e+00  -4.5470558e+00
  -7.9547985e+00  -7.9842606e+00  -1.5260930e+01  -8.9585481e+00  -5.4307425e+00  -3.4672802e+00  -3.5258999e+00  -4.1584425e+00
  -5.4935304e+00  -1.4616532e+00  -1.1953669e+01  -1.3150351e+01  -1.1106041e+01  -1.2369795e+01  -1.1948168e+01  -1.2297989e+01
  -1.1527362e+01  -1.6166995e+01  -1.9043568e+01  -1.1174008e+01  -7.7236046e+00  -1.2401778e+01  -1.2457987e+01  -1.8006991e+01
  -7.6956735e+00  -5.1263435e+00  -7.3153155e+00  -8.4386219e+00  -4.9272585e+00  -5.2473316e+00  -5.6301223e+00  -4.9796353e+00
  -1.1935686e+01  -7.0543811e+00  -9.0286715e+00  -8.9944440e+00  -8.0344256e+00  -3.4383701e+00  -4.6433451e+00  -3.7939441e+00
  -1.1996359e+01  -5.6734012e+00  -1.1951549e+01  -9.7406758e+00  -8.6334384e+00  -3.1148148e+00  -4.2486665e+00  -2.7200711e+00
   1.9646931e-01   2.6417227e-01   3.9361931e-01   7.9263305e-01   3.5929639e-01   5.1022866e-01   1.4484639e+00   1.2437933e+00
   2.0420558e-01   2.5071160e-01   3.7096905e-01   7.2132098e-01   2.2427337e-01   4.2363088e-01   1.1992395e+00   1.0265825e+00
   2.0343954e-01   1.0234319e-01   8.5433156e-02   7.6761278e-02   9.7730737e-02   2.3649885e-01   4.9582115e-01   3.1394976e-01
   1.0225393e-01   5.8483387e-02   1.0709762e-01   1.7603660e-01   5.4924907e-02  -1.3373148e-01   1.7415267e-01   2.7458570e-01
   3.5887971e-01   5.4922520e-01   4.9075987e-01   5.6174867e-01   8.0639527e-01   2.3550934e-01   6.6088811e-01   4.3569844e-01
   2.2144861e-01   2.8303759e-01   1.8213974e-01   4.4101525e-01   8.0562728e-01   1.1518573e+00   1.4395375e+00   1.2287044e+00
   8.3775487e-02   2.2638949e-01   2.0300031e-01   5.2479576e-01   6.4204530e-01   1.1082339e+00   1.5038403e+00   1.2973725e+00
   1.5838146e-02   1.5838146e-02   2.0210266e-01   2.0210266e-01  -1.7042637e-01  -1.7042637e-01   3.8836718e-01   2.0210266e-01
   1.5838146e-02   1.5838146e-02   2.0210266e-01   2.0210266e-01  -1.7042637e-01  -1.7042637e-01   2.0210266e-01   1.5838146e-02
   2.0210266e-01   1.5838146e-02   1.5838146e-02   1.5838146e-02  -1.7042637e-01   1.5838146e-02   2.0210266e-01   1.5838146e-02
   1.5838146e-02   1.5838146e-02   1.5838146e-02   2.0210266e-01   1.5838146e-02  -1.7042637e-01   1.5838146e-02   1.5838146e-02
   3.8836718e-01   5.7463169e-01   5.7463169e-01   2.0210266e-01   3.8836718e-01   3.8836718e-01   3.8836718e-01   1.5838146e-02
   3.8836718e-01   2.0210266e-01   1.5838146e-02   1.5838146e-02   2.0210266e-01   5.7463169e-01   7.6089621e-01   3.8836718e-01
   2.0210266e-01   2.0210266e-01   1.5838146e-02   2.0210266e-01   2.0210266e-01   3.8836718e-01   7.6089621e-01   5.7463169e-01
  -3.1224384e+01  -3.3000472e+01  -3.4563398e+01  -3.7819940e+01  -4.0600689e+01  -4.1216444e+01  -4.1318911e+01  -4.1289286e+01
  -3.0377311e+01  -3.2676032e+01  -3.4408916e+01  -3.7539868e+01  -4.0194658e+01  -4.0720291e+01  -4.0759505e+01  -4.0706439e+01
  -3.0759527e+01  -3.4333386e+01  -3.5503695e+01  -3.8071681e+01  -4.0834689e+01  -4.2730350e+01  -4.4440001e+01  -4.4647834e+01
  -1.6754730e+01  -1.5446623e+01  -1.6157600e+01  -2.0321004e+01  -2.6925747e+01  -3.0938152e+01  -3.4995269e+01  -3.5657266e+01
  -1.9768742e+01  -2.4891632e+01  -3.3716702e+01  -3.8681359e+01  -4.1132842e+01  -4.1996106e+01  -4.2831917e+01  -4.2771635e+01
  -1.8992010e+01  -2.7469240e+01  -3.3833572e+01  -3.7053108e+01  -3.9493566e+01  -3.9993482e+01  -4.0504436e+01  -4.0821219e+01
  -2.0741393e+01  -3.0253820e+01  -3.5053189e+01  -3.8458986e+01  -4.1037429e+01  -4.1608705e+01  -4.2244568e+01  -4.2678135e+01
   3.2398800e+00   1.6811431e+00   2.8296167e+00   4.5796758e+00   2.7152863e+00   1.7768817e+00   1.5575595e+00   1.7746260e+00
   4.3822632e+00   3.3400307e+00   2.6746951e+00   3.9815013e+00   2.6623539e+00   1.6784345e+00   1.7951982e+00   2.0769203e+00
   7.0461296e+00   5.4269509e+00   3.5433543e+00   4.2642485e+00   3.3099109e+00   4.4721039e+00   3.4162949e+00   3.3238077e+00
   5.3784768e+00   7.1329202e+00   1.0484443e+01   9.5183594e+00   7.5452079e+00   9.2269037e+00   6.4344794e+00   1.3933978e+00
   2.4984587e+00   2.4485207e+00   2.6073609e+00   6.6320360e-01   1.2281080e+00   3.7933315e-01   5.7948856e-01   9.2049754e-02
   5.8374023e+00   3.4981429e+00   1.9170559e+00   3.8665804e+00   2.6176146e+00   1.7154620e+00  -3.0518263e-02   7.0072606e-01
   6.5637371e+00   3.5634469e+00   1.5259164e+00   3.6206491e+00   2.3539496e+00   2.1302578e+00   1.6889464e-01   4.8615625e-01
  -5.4090114e+00  -3.3387852e+00  -3.3293672e+00  -3.8348228e+00  -9.2562389e-01  -2.3186011e+00  -2.5274365e+00   1.2337250e+00
  -5.5008849e+00  -5.1765946e+00  -2.9692476e+00  -3.5184445e+00  -1.3693279e+00  -2.1870615e+00  -1.9902887e+00   1.1749790e+00
  -5.0697832e+00  -9.7079908e+00  -5.8461240e+00  -2.9459740e+00  -2.5077670e+00  -3.3757244e+00  -2.2187954e+00  -4.5059120e-01
  -1.0140184e+01  -9.1448044e+00  -6.7611346e+00  -7.3403945e+00  -6.2917209e+00  -5.7751024e+00  -5.7889940e+00  -2.3928193e+00
  -9.6639383e+00  -1.0709235e+01  -7.7347215e+00  -3.3532328e+00  -2.3597193e+00  -1.8573327e+00  -1.0370345e+00  -1.4904424e+00
  -3.8759491e+00  -5.8478222e+00  -4.0283220e+00  -3.1835340e+00  -3.4349432e-01  -1.5102109e+00   3.1214012e-01   8.1781443e-01
  -3.5202351e+00  -7.0216920e+00  -2.9155341e+00  -3.0395216e+00  -7.2363591e-01  -2.2776997e+00  -2.7147770e-01   6.6672827e-01
  -4.9288621e+01  -5.3323642e+01  -5.4761782e+01  -5.3933046e+01  -5.5211585e+01  -5.5560528e+01  -5.5649860e+01  -5.5860305e+01
  -4.7548545e+01  -5.0820488e+01  -5.3410801e+01  -5.3298244e+01  -5.4486436e+01  -5.5236403e+01  -5.5032606e+01  -5.5112952e+01
  -4.5290776e+01  -5.1057285e+01  -5.5076923e+01  -5.6982707e+01  -5.9148969e+01  -5.9013441e+01  -6.0853494e+01  -6.1656139e+01
  -4.1360433e+01  -4.1025384e+01  -4.0271446e+01  -3.8630557e+01  -4.3149864e+01  -4.4778222e+01  -4.9293868e+01  -5.6310157e+01
  -3.7835597e+01  -4.1468058e+01  -4.8902690e+01  -5.5710738e+01  -5.7357685e+01  -5.8808751e+01  -5.8950510e+01  -5.8082126e+01
  -3.1699987e+01  -4.3431846e+01  -5.2237710e+01  -5.3833576e+01  -5.4980724e+01  -5.5593168e+01  -5.6627180e+01  -5.6406103e+01
  -3.2838722e+01  -4.5128750e+01  -5.4339420e+01  -5.5891080e+01  -5.6739130e+01  -5.6677079e+01  -5.8059006e+01  -5.8811513e+01
  -4.8063174e+01  -5.1576633e+01  -5.3538252e+01  -5.2732629e+01  -5.6450496e+01  -5.6706691e+01  -5.6008778e+01  -5.7337982e+01
  -4.5686769e+01  -4.7723856e+01  -5.2470437e+01  -5.2260523e+01  -5.5469486e+01  -5.5958395e+01  -5.5753607e+01  -5.7058356e+01
  -4.3172860e+01  -4.5812523e+01  -5.3562917e+01  -5.9018427e+01  -6.1344000e+01  -6.1050056e+01  -6.1727755e+01  -6.2927600e+01
  -3.5883350e+01  -3.6936157e+01  -3.7824551e+01  -3.5956616e+01  -4.2641710e+01  -5.0329406e+01  -5.1481879e+01  -5.7109861e+01
  -3.1099098e+01  -3.3495784e+01  -4.4084386e+01  -5.4227148e+01  -5.4631514e+01  -5.6002380e+01  -5.7524984e+01  -5.8245834e+01
  -3.3923020e+01  -4.0296957e+01  -5.0468681e+01  -5.2309724e+01  -5.4852191e+01  -5.4139260e+01  -5.4872737e+01  -5.5642492e+01
  -3.6372409e+01  -4.2574796e+01  -5.2646375e+01  -5.3342563e+01  -5.6476190e+01  -5.6167723e+01  -5.6971030e+01  -5.7381947e+01
