   6.0228293e+00   4.5417725e+00   3.0557567e+00   7.6368994e+00   8.2826748e+00   5.0534514e+00   2.4503306e+00  -8.4849111e-03
   5.8542424e+00   4.5686921e+00   2.6685390e+00   6.9018117e+00   7.5817188e+00   4.1417124e+00   1.7472240e+00  -1.1859161e-01
   4.9833670e+00   5.5507866e+00   4.9079074e+00   2.7078818e+00   4.9869119e-01   5.0307250e-02   8.7694898e-01  -2.0384959e+00
   7.8284486e+00   7.1029392e+00   4.7868654e+00   5.6405589e+00   7.7535983e+00   7.9350334e+00   4.9942531e+00   1.9671063e+00
   7.6054026e+00   4.7100853e+00   1.7374819e+00   4.6897539e+00   2.9196907e+00  -4.9789679e-01  -3.8249105e-01  -5.1393106e-01
   6.1818825e+00   4.6572869e+00   4.7533212e+00   2.2510936e+00  -5.3463666e-01   1.1753630e+00   1.1277970e+00  -1.7584893e+00
   2.9123313e+00   3.7563382e+00   4.1841677e+00   2.4994577e+00   4.9216881e-01   1.4641787e+00   3.1412085e-01  -2.1513723e+00
  -5.2381742e+00  -5.0747868e+00  -4.8490012e+00  -5.1892623e+00  -7.4936490e+00  -4.4326649e+00   1.2795481e+00  -6.9513652e-01
  -4.7221688e+00  -5.8271635e+00  -3.9891368e+00  -4.2127563e+00  -6.1142370e+00  -3.5125409e+00   3.4579788e-01   6.8449619e-01
  -6.9972435e+00  -6.5985339e+00  -4.8076791e+00  -6.8494465e+00  -8.1492045e+00  -5.4515391e+00  -1.4895393e+00  -9.0711316e-01
  -8.9007064e+00  -1.0100387e+01  -7.3774240e+00  -6.0512189e+00  -9.3334843e+00  -7.7629132e+00  -2.7497589e+00  -6.0002082e+00
  -4.1508030e+00  -5.9973410e+00  -5.5776491e+00  -3.7489335e+00  -3.8086245e+00  -2.5785080e-01   1.9286113e+00   2.3450977e-02
  -5.4567625e+00  -5.7824994e+00  -5.9105669e+00  -2.5249348e+00  -1.6685598e+00  -6.9177682e-01  -6.3463119e-01  -1.5556083e+00
  -5.4135463e+00  -6.4314812e+00  -5.6879816e+00  -2.2124591e+00  -1.5735500e+00  -1.4896526e+00  -8.4294782e-01  -2.0311037e+00
   6.3598490e-02   2.0652290e-01   1.5770204e-01   5.0610918e-01   5.7511959e-01   7.7108562e-01   1.0206849e+00   1.0575051e+00
   1.1981777e-01   2.3844039e-01   1.3188647e-01   4.7196125e-01   4.9604214e-01   7.4083916e-01   1.1660123e+00   1.2261983e+00
   2.7424305e-01   2.1030679e-01   3.2705850e-01   5.9239996e-01   8.4960072e-01   8.5992614e-01   2.5787814e-01   3.6499534e-01
   9.1325115e-02   9.2981809e-02   6.6355796e-02   1.5692802e-04   1.3612003e-01   1.7398820e-01   5.0792904e-01   7.1142272e-01
  -1.0055856e-01  -1.8053581e-01   1.6615993e-01   5.6158806e-01   7.6170123e-01   9.5016028e-01   1.1745564e+00   1.3391595e+00
   1.7272012e-01  -1.0602099e-02   3.0181405e-02   4.8220639e-01   1.1798759e+00   9.6163139e-01   1.2199370e+00   1.0624034e+00
   3.2726714e-01   2.4190752e-01   3.7857964e-01   4.9933789e-01   1.2890836e+00   1.5391332e+00   1.6497965e+00   1.4741404e+00
   1.5838146e-02   1.5838146e-02   1.5838146e-02   1.5838146e-02   2.0210266e-01   1.5838146e-02   1.5838146e-02   3.8836718e-01
   1.5838146e-02   1.5838146e-02  -1.7042637e-01   1.5838146e-02   2.0210266e-01   2.0210266e-01   3.8836718e-01   1.1334252e+00
   3.8836718e-01   1.5838146e-02   1.5838146e-02   2.0210266e-01   2.0210266e-01   2.0210266e-01   1.5838146e-02   1.5838146e-02
   1.5838146e-02   1.5838146e-02   1.5838146e-02  -1.7042637e-01   1.5838146e-02  -1.7042637e-01  -1.7042637e-01   2.0210266e-01
  -1.7042637e-01  -1.7042637e-01   1.5838146e-02   2.0210266e-01   1.5838146e-02   3.8836718e-01   9.4716072e-01   1.8784833e+00
   2.0210266e-01  -1.7042637e-01  -1.7042637e-01   1.5838146e-02   9.4716072e-01   5.7463169e-01   7.6089621e-01   7.6089621e-01
   3.8836718e-01   2.0210266e-01  -1.7042637e-01   1.5838146e-02   7.6089621e-01   1.1334252e+00   1.5059543e+00   1.3196898e+00
  -3.5375520e+01  -4.1051643e+01  -4.4202438e+01  -4.5390396e+01  -4.6651029e+01  -4.7919150e+01  -4.9322656e+01  -4.9703022e+01
  -3.3407951e+01  -3.9161699e+01  -4.2644685e+01  -4.3969291e+01  -4.4945262e+01  -4.5862639e+01  -4.6912763e+01  -4.7161414e+01
  -3.2306575e+01  -3.6744602e+01  -4.0050699e+01  -4.1256233e+01  -4.2212641e+01  -4.2605863e+01  -4.3238060e+01  -4.3461514e+01
  -2.2488320e+01  -2.5236539e+01  -2.8510765e+01  -3.0561188e+01  -3.2598795e+01  -3.5350970e+01  -3.8081875e+01  -3.8464254e+01
  -2.2219049e+01  -2.7540842e+01  -3.5637859e+01  -3.8376053e+01  -3.9167774e+01  -3.8911694e+01  -3.9244661e+01  -3.9481873e+01
  -2.1923518e+01  -3.1627565e+01  -3.7575097e+01  -3.9088112e+01  -3.9484469e+01  -3.9772496e+01  -3.9772450e+01  -3.9755255e+01
  -2.4636362e+01  -3.4154760e+01  -3.9501284e+01  -4.1036860e+01  -4.1479124e+01  -4.1758695e+01  -4.1544798e+01  -4.1575018e+01
   6.4033471e+00   6.0752904e+00   6.5079523e+00   4.0744120e+00   5.9076396e-01   2.1297325e+00   1.6693887e+00   1.8514773e+00
   5.7511682e+00   5.7240679e+00   6.5178662e+00   4.0451055e+00   1.3295564e-01   1.2011595e+00   1.2535580e+00   2.0739039e+00
   8.1630351e+00   6.0624442e+00   4.6024006e+00   4.9660565e+00   2.9936257e+00   2.4348298e+00   1.6809906e+00   9.3153247e-01
   5.8740723e+00   6.1377118e+00   6.6892953e+00   5.9961158e+00   4.9999962e+00   4.7045082e+00   3.4470300e+00   1.8142460e+00
   7.8726198e+00   6.8112230e+00   3.0059838e+00   2.0501470e-01   1.3872564e+00   1.0944687e+00   1.0066074e+00   3.5041391e-02
   4.3086054e+00   6.8779239e+00   2.8437223e+00   1.2071509e+00   1.3063829e+00   9.8412291e-01   8.2870481e-01   1.6781672e+00
   3.4287279e+00   6.4185294e+00   3.2035962e+00   1.2652119e+00   8.9556056e-01   1.1519664e+00   1.4404968e+00   1.9825081e+00
  -5.6663112e+00  -5.1868265e+00  -3.7616597e+00  -3.8670104e+00  -1.7771999e+00  -1.2173416e+00  -1.2894313e+00  -1.6494781e+00
  -6.7636388e+00  -4.5526698e+00  -3.2735719e+00  -3.0636165e+00  -1.6768232e+00  -9.0137772e-01  -4.6749505e-02  -1.0839123e+00
  -5.9541131e+00  -5.4256036e+00  -3.0924265e+00  -1.8317081e+00  -9.8183949e-01  -3.9611488e-01   1.2269208e-01  -1.1239115e+00
  -5.1927934e+00  -4.1748752e+00  -5.0429882e+00  -4.9736920e+00  -4.3619784e+00  -4.8254532e+00  -2.7252878e+00  -1.3111852e+00
  -7.6636480e+00  -4.7204641e+00  -2.7854758e+00  -1.8823795e+00  -2.5704806e-01  -7.1035796e-01  -1.1109026e+00   8.3305979e-01
  -9.4039071e+00  -4.8352146e+00  -1.6246035e+00   2.0913583e-02  -8.5571772e-01  -1.7245128e+00  -6.7464695e-01  -3.6024959e-01
  -9.7779350e+00  -5.8298921e+00  -1.8171559e+00  -8.2564897e-01  -1.2839054e+00  -1.1157672e+00   1.1262886e-01   3.5349739e-01
  -4.7861717e+01  -5.2913738e+01  -5.5172094e+01  -5.9665774e+01  -6.3152319e+01  -6.2094550e+01  -6.2754989e+01  -6.3991109e+01
  -4.6063642e+01  -5.0747373e+01  -5.3245463e+01  -5.8120043e+01  -6.1721173e+01  -6.0458487e+01  -6.0598902e+01  -6.1598778e+01
  -4.4520002e+01  -4.8973318e+01  -5.2780840e+01  -5.5174003e+01  -5.6524379e+01  -5.5862218e+01  -5.7632042e+01  -5.7598373e+01
  -3.7729607e+01  -3.9734062e+01  -4.0591939e+01  -4.2081110e+01  -4.6617231e+01  -4.8762815e+01  -5.1670709e+01  -5.4359533e+01
  -3.3848840e+01  -3.7731808e+01  -4.8671299e+01  -5.4472567e+01  -5.4166320e+01  -5.3193287e+01  -5.2985491e+01  -5.3700489e+01
  -3.4360639e+01  -4.1975440e+01  -5.0349098e+01  -5.2810732e+01  -5.4081983e+01  -5.3827840e+01  -5.3831594e+01  -5.3605757e+01
  -3.6814570e+01  -4.5384678e+01  -5.2286728e+01  -5.4101863e+01  -5.5815689e+01  -5.6055827e+01  -5.5423566e+01  -5.5160610e+01
  -4.6858005e+01  -5.1843824e+01  -5.6519895e+01  -5.8739343e+01  -6.1385310e+01  -6.2292724e+01  -6.4049977e+01  -6.3977204e+01
  -4.4360819e+01  -5.0478151e+01  -5.5010450e+01  -5.7024029e+01  -5.9333498e+01  -6.0466539e+01  -6.2004647e+01  -6.1822307e+01
  -4.3264186e+01  -4.9137034e+01  -5.3832964e+01  -5.5565714e+01  -5.7507730e+01  -5.7661399e+01  -5.8404801e+01  -5.7585198e+01
  -3.7036668e+01  -3.9868600e+01  -4.1788524e+01  -4.4609080e+01  -4.8048653e+01  -5.0336041e+01  -5.2654632e+01  -5.3871654e+01
  -3.4088560e+01  -4.0962401e+01  -5.0217138e+01  -5.3194218e+01  -5.5075308e+01  -5.3691695e+01  -5.3051014e+01  -5.4069322e+01
  -3.2419895e+01  -4.3984625e+01  -5.3012102e+01  -5.4331081e+01  -5.4270596e+01  -5.3947405e+01  -5.4336000e+01  -5.4750738e+01
  -3.4245513e+01  -4.6298969e+01  -5.5391705e+01  -5.5867178e+01  -5.5849140e+01  -5.5862273e+01  -5.6119658e+01  -5.7044715e+01
