   1.0074976e+01   1.0985503e+01   1.2791048e+01   9.5722520e+00   8.9549036e+00   7.8126668e+00   6.7530743e+00   1.9261622e+00
   8.9711367e+00   1.0411917e+01   1.3052313e+01   9.0787706e+00   7.6574947e+00   5.1066695e+00   4.4554298e+00   3.7507917e-01
   7.6071883e+00   6.4335091e+00   1.2199845e+01   1.2184693e+01   1.2849515e+01   7.2739072e+00   4.4023182e+00   2.9489577e+00
   1.0750423e+01   1.4809320e+01   1.3134999e+01   8.9198847e+00   7.8112879e+00   9.8168579e+00   5.6489903e+00   3.3533526e+00
   8.8533131e+00   6.4373004e+00   7.1251398e+00   9.3273432e+00   1.1254069e+01   6.7730493e+00   3.2559797e+00   2.1170781e+00
   9.7074403e+00   5.1856793e+00   6.4177559e+00   7.9677157e+00   7.1877292e+00   4.0255269e+00   4.6934759e+00   3.2146899e+00
   9.0321523e+00   7.9006050e+00   5.9063993e+00   5.0224228e+00   4.5017704e+00   2.6615347e+00   2.8348657e+00   2.4057339e+00
  -6.0678632e+00  -6.0688474e+00  -1.0238209e+01  -8.6552123e+00  -7.6866962e+00  -8.0521758e+00  -2.3337247e+00  -1.5978789e+00
  -5.9242190e+00  -4.6106523e+00  -1.0373044e+01  -7.7777780e+00  -4.9091948e+00  -5.9833163e+00  -1.7844132e+00  -1.1606148e+00
  -7.6838162e+00  -7.4889704e+00  -9.6318466e+00  -1.2183219e+01  -9.3804392e+00  -9.5648348e+00  -7.4170458e+00  -3.5604857e+00
  -4.9839029e+00  -6.2533644e+00  -9.6285551e+00  -1.0358401e+01  -1.1123032e+01  -9.9256711e+00  -7.2882414e+00  -6.4374433e+00
  -9.3096072e+00  -5.0785063e+00  -5.6276516e+00  -4.2631608e+00  -8.4614614e+00  -2.7280630e+00   9.4820407e-02  -2.0929568e+00
  -8.0638947e+00  -5.1991342e+00  -6.5554221e+00  -3.8213003e+00  -8.8023094e+00  -6.7086910e+00   8.0172968e-01   1.7456423e+00
  -8.2669672e+00  -5.0667805e+00  -6.4089854e+00  -4.6471136e+00  -8.5257046e+00  -6.0165207e+00   1.5939271e+00   2.2664956e+00
  -2.6425102e-02  -1.1595696e-01  -1.0531861e-02   6.4253967e-02   2.4424435e-01   3.8228968e-01   9.0552931e-01   1.1912076e+00
   9.9093890e-02  -8.3239407e-02   9.5813202e-03   1.1178880e-01   4.1940409e-01   7.8100533e-01   1.1410735e+00   1.0644139e+00
   1.3857780e-01   1.3638674e-01   1.0256827e-01   4.0062242e-02   1.1428011e-01   2.9980971e-01   3.0212658e-01   8.2710768e-01
  -7.9027853e-02  -9.1617441e-02  -1.8319458e-02  -3.2924492e-02   8.0240516e-02   8.6863915e-02   6.0125392e-02   3.0408565e-01
  -6.4916531e-02  -1.6376990e-03   3.2945595e-01   3.4080071e-01   3.2072265e-01   6.7576823e-01   1.4022046e+00   1.1004127e+00
   7.5048115e-03   1.3834959e-01   3.6755339e-01   4.7636338e-01   6.8697671e-01   4.7053937e-01   6.3551883e-01   8.4756035e-01
   1.1560657e-01   4.2542314e-01   5.3085872e-01   7.0309912e-01   9.5338984e-01   6.3077039e-01   6.0873549e-01   9.6110583e-01
  -1.7042637e-01  -1.7042637e-01   1.5838146e-02   1.5838146e-02   1.5838146e-02   1.5838146e-02   1.5838146e-02   3.8836718e-01
   1.5838146e-02  -1.7042637e-01   1.5838146e-02   1.5838146e-02   1.5838146e-02   2.0210266e-01   3.8836718e-01   3.8836718e-01
   2.0210266e-01   1.5838146e-02   1.5838146e-02   1.5838146e-02   1.5838146e-02   2.0210266e-01   2.0210266e-01   2.0210266e-01
  -1.7042637e-01  -1.7042637e-01   1.5838146e-02   1.5838146e-02   1.5838146e-02   1.5838146e-02   1.5838146e-02   1.5838146e-02
   1.5838146e-02   1.5838146e-02   2.0210266e-01   1.5838146e-02   1.5838146e-02   1.5838146e-02   7.6089621e-01   5.7463169e-01
   1.5838146e-02   1.5838146e-02   2.0210266e-01   1.5838146e-02   2.0210266e-01   2.0210266e-01   1.5838146e-02   2.0210266e-01
   2.0210266e-01   3.8836718e-01   2.0210266e-01   2.0210266e-01   2.0210266e-01   2.0210266e-01   1.5838146e-02   3.8836718e-01
  -3.3160123e+01  -3.5325528e+01  -3.6363378e+01  -3.8721435e+01  -4.2954067e+01  -4.6212010e+01  -4.9329276e+01  -5.0263292e+01
  -3.0958308e+01  -3.3984652e+01  -3.6062852e+01  -3.8954531e+01  -4.3493614e+01  -4.5970360e+01  -4.7448657e+01  -4.7768295e+01
  -2.7555737e+01  -3.1447864e+01  -3.3549832e+01  -3.5957730e+01  -3.8788762e+01  -4.0869688e+01  -4.2943555e+01  -4.3924494e+01
  -1.9083614e+01  -1.8912107e+01  -1.9705630e+01  -2.2148625e+01  -2.6380074e+01  -3.0390393e+01  -3.6725710e+01  -3.9803702e+01
  -1.8821940e+01  -2.5232967e+01  -3.4328549e+01  -3.7146575e+01  -3.7842775e+01  -3.9130742e+01  -4.0701535e+01  -4.0950660e+01
  -1.9979802e+01  -3.0148447e+01  -3.4405180e+01  -3.5879918e+01  -3.6580290e+01  -3.7671649e+01  -3.7523782e+01  -3.8082070e+01
  -2.1503899e+01  -3.2012447e+01  -3.5504133e+01  -3.6946085e+01  -3.8027142e+01  -3.9005026e+01  -3.8307532e+01  -3.8872934e+01
   3.9310176e+00   6.4489240e+00   6.9838335e+00   5.7322913e+00   4.4375811e+00   2.9421006e+00   3.9877783e-01   2.1920632e+00
   2.9862287e+00   5.5903796e+00   5.7553967e+00   4.5820069e+00   3.2466102e+00   2.5516159e+00   5.2348040e-01   1.5775943e+00
   5.2271493e+00   6.0954686e+00   5.1190022e+00   2.4372829e+00   9.9163420e-01   2.6441592e+00   1.7264083e+00   3.4402919e-01
   7.4943544e+00   6.5807385e+00   7.4967959e+00   7.2989655e+00   7.2684769e+00   6.5871269e+00   4.2643587e+00   1.2200570e+00
   6.5051104e+00   6.1377076e+00   4.6935339e+00   1.5442800e+00   2.1905489e+00   3.0793559e+00   1.8782175e+00  -2.1781939e-01
   4.8250273e+00   5.5223685e+00   3.2375794e+00   1.5695699e+00   2.4073531e+00   7.6678149e-01  -1.1604994e+00  -7.2622071e-01
   5.1283142e+00   4.2977955e+00   2.3485956e+00   1.7737847e+00   1.7724244e+00   9.3830827e-02  -1.3685285e+00  -1.0355395e+00
  -6.6779524e+00  -5.6416877e+00  -5.6961012e+00  -5.6208184e+00  -5.3902727e+00  -3.6152237e+00  -2.2287907e+00  -9.8182536e-01
  -7.2232287e+00  -6.1937642e+00  -4.4006615e+00  -4.9473695e+00  -4.2761021e+00  -2.5441032e+00  -1.8846047e+00  -6.4153125e-01
  -8.5028518e+00  -7.0439023e+00  -6.2762262e+00  -2.2763165e+00  -1.7270768e+00  -2.1498543e+00  -1.7661121e+00  -8.5512387e-01
  -8.9328171e+00  -9.7650633e+00  -8.6397224e+00  -6.1411349e+00  -5.6786207e+00  -5.1300940e+00  -3.6969986e+00  -2.2370818e+00
  -6.3051310e+00  -6.6026659e+00  -6.0668046e+00  -3.8323109e+00  -2.5922173e+00  -2.3806059e+00  -4.9487026e-01   1.2528243e+00
  -6.2841301e+00  -5.4738681e+00  -4.9176399e+00  -3.4090029e+00  -9.4672685e-01  -1.6027451e+00  -2.3422059e-01  -1.6814845e+00
  -6.8866390e+00  -6.4328831e+00  -4.9659232e+00  -3.4126717e+00  -7.0507832e-01  -1.3530262e+00  -3.6922926e-01  -1.7070973e+00
  -4.7069010e+01  -4.9995218e+01  -5.3242104e+01  -5.4616347e+01  -5.9278941e+01  -6.1319023e+01  -6.4367767e+01  -6.5101482e+01
  -4.5490042e+01  -4.7853842e+01  -5.2195564e+01  -5.3875604e+01  -5.8501125e+01  -6.0292174e+01  -6.2202214e+01  -6.2641730e+01
  -4.2630515e+01  -4.6312569e+01  -5.0647138e+01  -5.3600440e+01  -5.7035401e+01  -5.7865095e+01  -5.9184489e+01  -5.9478646e+01
  -3.4428791e+01  -3.6424895e+01  -3.7082582e+01  -3.7323627e+01  -4.3137935e+01  -4.6513873e+01  -5.1023569e+01  -5.5708847e+01
  -3.2190497e+01  -3.6672258e+01  -4.7376058e+01  -5.3481771e+01  -5.5073748e+01  -5.3882263e+01  -5.5092573e+01  -5.6942079e+01
  -3.3996912e+01  -4.2440932e+01  -4.9068848e+01  -5.1966914e+01  -5.2766866e+01  -5.3105962e+01  -5.3754152e+01  -5.3969928e+01
  -3.5630686e+01  -4.7199581e+01  -5.0486623e+01  -5.1938819e+01  -5.3423688e+01  -5.4213192e+01  -5.4432985e+01  -5.4942362e+01
  -4.6202373e+01  -5.0790317e+01  -5.3159296e+01  -5.4186242e+01  -5.7809175e+01  -6.0339103e+01  -6.3439520e+01  -6.4449880e+01
  -4.3058777e+01  -4.7626097e+01  -5.2422636e+01  -5.3634281e+01  -5.6995646e+01  -5.9462986e+01  -6.1525649e+01  -6.1889235e+01
  -4.0567105e+01  -4.4969259e+01  -5.0363366e+01  -5.5214792e+01  -5.5711546e+01  -5.5664291e+01  -5.7986573e+01  -5.8551067e+01
  -3.3602220e+01  -3.4349598e+01  -3.6124193e+01  -3.9004997e+01  -4.3219184e+01  -4.5448624e+01  -5.1686958e+01  -5.5731078e+01
  -3.3876399e+01  -3.6654042e+01  -4.5994494e+01  -5.1525659e+01  -5.4997400e+01  -5.2673845e+01  -5.4746614e+01  -5.6284867e+01
  -3.3474181e+01  -4.2084462e+01  -4.6772645e+01  -4.8758689e+01  -5.2522016e+01  -5.3374120e+01  -5.2278540e+01  -5.2140705e+01
  -3.4451146e+01  -4.2614846e+01  -4.7445750e+01  -4.9702531e+01  -5.3585001e+01  -5.4267615e+01  -5.2770946e+01  -5.2845690e+01
