   6.5237482e+00   8.2371135e+00   1.0597699e+01   8.0724035e+00   5.2912120e+00   6.7793077e+00   3.7108417e+00   3.2691962e+00
   7.7184987e+00   8.8144616e+00   1.1828254e+01   7.3590020e+00   4.9597798e+00   6.4228830e+00   1.8362930e+00   3.1943806e+00
   9.7441997e+00   1.0937953e+01   1.1956658e+01   8.7973440e+00   5.7347681e+00   6.3472521e+00   4.4012151e+00   5.3099419e+00
   9.8703844e+00   8.0453384e+00   7.7897941e+00   9.3796415e+00   6.3829156e+00   9.5105208e+00   1.0580595e+01   6.6652918e+00
   8.8446880e+00   7.3690206e+00   9.5298073e+00   1.9083395e+00   1.4736851e+00   3.8271141e+00   2.5827886e+00   2.5548776e+00
   8.2347078e+00   8.4623680e+00   7.4828726e+00   3.6886718e+00   2.1321588e+00   9.3280882e-01  -2.9167813e-01   5.7291630e-01
   7.5692282e+00   9.7054213e+00   7.2477493e+00   3.1177531e+00   2.2193632e+00   1.1401493e+00   1.3008046e-01   1.4867224e+00
  -7.3680678e+00  -9.1094655e+00  -1.0877345e+01  -9.7406436e+00  -8.5220157e+00  -4.1857097e+00  -4.2721870e+00  -4.8275187e+00
  -7.0064694e+00  -9.0927207e+00  -1.0443988e+01  -8.6282751e+00  -7.4145856e+00  -3.3037426e+00  -1.9614828e+00  -2.2467936e+00
  -5.6167183e+00  -7.8191490e+00  -9.9698488e+00  -8.6278923e+00  -7.8374000e+00  -6.5176297e+00  -5.3387782e+00  -2.9028498e+00
  -1.3063633e+01  -1.2719348e+01  -1.1780240e+01  -8.1323974e+00  -8.2466238e+00  -7.5643464e+00  -8.0997566e+00  -8.3921419e+00
  -5.5920479e+00  -2.6255422e+00  -4.1437884e+00  -5.2805855e+00  -2.6990273e+00   1.6485657e+00   8.1874907e-01   1.4565367e-01
  -4.1851139e+00  -3.3920744e+00  -5.8431115e+00  -6.1873615e+00  -1.8234289e+00   1.2082643e+00   8.6395017e-01   6.8597970e-01
  -2.7850971e+00  -4.4664155e+00  -5.0471352e+00  -5.1997375e+00  -1.7033092e+00  -2.2955762e-01   1.0509835e-01   2.3247660e+00
   1.2019687e-01   9.4090032e-02   1.8145727e-01   2.4520218e-01   1.5470627e-01   6.6878311e-01   6.8446214e-01   5.6034456e-01
   9.5298082e-02   7.3580020e-02   2.2785028e-01   3.7341090e-01   1.1341551e-01   5.6758371e-01   7.6667846e-01   9.0118508e-01
   7.9197097e-02  -3.1331540e-02   4.6473027e-02   2.9553335e-01   6.7888837e-01   1.5994711e+00   1.6285579e+00   1.5814677e+00
   9.1959580e-02   6.5828876e-02   1.2263261e-01   1.2245369e-01   2.2288323e-01   3.3726759e-01   7.1183471e-01   8.6176239e-01
   1.6855476e-01  -8.4996737e-02   3.7318124e-01   1.3813781e+00   7.7181205e-01   1.7756642e+00   2.2576147e+00   1.3709148e+00
   1.8333669e-01   1.7685693e-01   4.8524254e-01   6.7421911e-01  -1.8969678e-01  -9.7173808e-02   6.0571402e-01   4.3908311e-01
   3.3373937e-01   4.4571707e-01   7.9332374e-01   1.0400557e+00   9.0967113e-01   1.2601943e+00   1.6187500e+00   1.2107300e+00
   1.5838146e-02   1.5838146e-02   1.5838146e-02   1.5838146e-02   1.5838146e-02   2.0210266e-01   2.0210266e-01   2.0210266e-01
   1.5838146e-02   1.5838146e-02   1.5838146e-02   2.0210266e-01   2.0210266e-01   3.8836718e-01   3.8836718e-01   3.8836718e-01
   1.5838146e-02  -1.7042637e-01  -1.7042637e-01   1.5838146e-02   2.0210266e-01   3.8836718e-01   3.8836718e-01   3.8836718e-01
   1.5838146e-02   1.5838146e-02   2.0210266e-01   1.5838146e-02   1.5838146e-02   1.5838146e-02   1.5838146e-02   1.5838146e-02
   1.5838146e-02  -3.5669088e-01  -1.7042637e-01   5.7463169e-01   2.0210266e-01   1.3196898e+00   2.4372768e+00   2.9960704e+00
   2.0210266e-01   1.5838146e-02   1.5838146e-02   2.0210266e-01  -3.5669088e-01  -7.2921991e-01   9.4716072e-01   7.6089621e-01
   2.0210266e-01   1.5838146e-02   1.5838146e-02   3.8836718e-01   2.0210266e-01   3.8836718e-01   2.6235414e+00   1.8784833e+00
  -3.4641122e+01  -3.8313557e+01  -4.1904823e+01  -4.6035098e+01  -4.9650052e+01  -5.1520065e+01  -5.3101737e+01  -5.3763507e+01
  -3.2986659e+01  -3.6906837e+01  -4.1131553e+01  -4.5885789e+01  -4.9319831e+01  -5.0901864e+01  -5.2320769e+01  -5.2669988e+01
  -3.1665503e+01  -3.6873371e+01  -4.0534195e+01  -4.4439794e+01  -4.5762666e+01  -4.6239265e+01  -4.7341884e+01  -4.8098885e+01
  -2.2812013e+01  -2.3832578e+01  -2.6265312e+01  -3.0112957e+01  -3.3823226e+01  -3.7164826e+01  -4.0950373e+01  -4.2167538e+01
  -2.4371429e+01  -3.0514755e+01  -3.6284854e+01  -3.8147678e+01  -3.9419397e+01  -3.9397569e+01  -3.9381612e+01  -3.9546363e+01
  -2.2833475e+01  -3.2334614e+01  -3.5790989e+01  -3.6429777e+01  -3.6478810e+01  -3.7093353e+01  -3.8190898e+01  -3.8849472e+01
  -2.5643643e+01  -3.3912099e+01  -3.5866476e+01  -3.6440227e+01  -3.6673135e+01  -3.7396721e+01  -3.9207257e+01  -4.0258933e+01
   6.5989667e+00   6.8288201e+00   6.2219331e+00   5.2968620e+00   2.8466485e+00   7.9301831e-01  -7.5499787e-01  -1.3042964e+00
   6.5013261e+00   7.0628564e+00   6.3573299e+00   4.4559395e+00   1.7447941e+00  -2.4412059e-01  -5.2169288e-01  -1.0551617e+00
   5.8335529e+00   6.4892090e+00   6.1521324e+00   5.4152504e+00   3.3949038e+00   1.1711355e+00   7.0419341e-01   3.0432865e-01
   8.0016825e+00   7.5524600e+00   5.5554018e+00   4.7489463e+00   5.0804607e+00   3.9116429e+00   5.7495591e-01   1.0228668e-01
   5.4037211e+00   6.0244888e+00   2.0201205e+00   1.7833799e+00   1.7923662e+00   1.0467996e+00  -4.0510115e-01   1.6001514e-01
   7.0847886e+00   4.6085721e+00   3.4793722e-01   6.7394254e-01   5.1884384e-01   1.6097768e+00   2.1812263e-01  -1.8865077e+00
   6.9164407e+00   3.0873886e+00   9.4173295e-01   4.3519042e-01   2.7377130e-01   1.3973221e+00   4.2891173e-01  -2.3104879e+00
  -7.5376779e+00  -6.5071465e+00  -6.3983322e+00  -4.5662640e+00  -8.5931407e-01  -4.2242711e-01  -1.4329682e+00   2.4671971e-01
  -7.6286440e+00  -5.9993201e+00  -5.6874382e+00  -4.4410141e+00  -1.1531875e+00  -9.4139042e-01  -1.2728484e+00   2.6683179e-01
  -7.3326161e+00  -4.6238976e+00  -4.4089059e+00  -4.4272242e+00  -7.4560863e-01  -1.3319309e+00  -3.0927039e+00  -1.3646297e+00
  -5.8969642e+00  -5.3917706e+00  -6.2940385e+00  -6.5880957e+00  -6.6911430e+00  -3.8429970e+00  -1.0586709e+00  -1.1051241e+00
  -5.7340308e+00  -4.3256828e+00  -1.9210704e+00  -2.5400837e+00  -9.2625936e-01  -2.0307278e+00  -2.0009798e+00  -1.4576852e+00
  -5.4222624e+00  -6.4806478e+00  -3.2404334e+00  -1.7315229e+00  -1.4081412e+00  -1.6100139e-01  -2.7197045e-01  -5.2273611e-01
  -5.5459112e+00  -5.7033924e+00  -3.4180941e+00  -9.0026949e-01   3.1496036e-01   1.0894445e+00   5.3075144e-01  -3.4558553e-01
  -4.8876675e+01  -5.4725564e+01  -5.9288100e+01  -6.1428555e+01  -6.5307811e+01  -6.7478115e+01  -6.8958483e+01  -6.9378437e+01
  -4.7075204e+01  -5.2881670e+01  -5.8494236e+01  -6.1212321e+01  -6.4979701e+01  -6.7232290e+01  -6.8174634e+01  -6.7784062e+01
  -4.5972119e+01  -5.1449635e+01  -5.5902192e+01  -5.8982583e+01  -6.1628091e+01  -6.3405851e+01  -6.4202028e+01  -6.5152902e+01
  -4.0356267e+01  -4.0327815e+01  -4.2491751e+01  -4.5137478e+01  -4.9102621e+01  -5.2631188e+01  -5.7292078e+01  -5.8063497e+01
  -3.7759776e+01  -4.1789191e+01  -5.1304064e+01  -5.3746818e+01  -5.5298370e+01  -5.6050205e+01  -5.6790367e+01  -5.6075376e+01
  -3.6152892e+01  -4.4715969e+01  -5.0684939e+01  -5.1502270e+01  -5.1126370e+01  -5.1484901e+01  -5.4323787e+01  -5.6411928e+01
  -3.8886205e+01  -4.7981307e+01  -5.1247711e+01  -5.1959433e+01  -5.2162586e+01  -5.2514134e+01  -5.5480080e+01  -5.8083812e+01
  -4.7247614e+01  -5.3720348e+01  -5.8266869e+01  -6.1785963e+01  -6.4778303e+01  -6.4866177e+01  -6.8097897e+01  -6.8493680e+01
  -4.5413651e+01  -5.2323485e+01  -5.6891332e+01  -6.0273747e+01  -6.3569595e+01  -6.3508933e+01  -6.6538733e+01  -6.6459312e+01
  -4.3280240e+01  -5.1208826e+01  -5.6658749e+01  -5.9087537e+01  -6.0614557e+01  -6.0262911e+01  -6.2206238e+01  -6.1298767e+01
  -4.0297652e+01  -4.1159953e+01  -4.2410717e+01  -4.4322870e+01  -4.8748342e+01  -5.1862936e+01  -5.7599176e+01  -5.8460027e+01
  -3.5714474e+01  -4.2646712e+01  -5.0303933e+01  -5.3704760e+01  -5.4923928e+01  -5.3144019e+01  -5.3030080e+01  -5.5510375e+01
  -3.2995957e+01  -4.3537013e+01  -5.0068649e+01  -5.1404023e+01  -5.0994851e+01  -5.2384288e+01  -5.3329727e+01  -5.4898270e+01
  -3.4455049e+01  -4.6234155e+01  -5.0268648e+01  -5.1263358e+01  -5.1497280e+01  -5.3051385e+01  -5.5268236e+01  -5.5836509e+01
