   5.6562878e+00   6.5739332e+00   6.6947761e+00   3.4431213e+00   9.6265870e-01   2.3353833e+00   3.3582768e+00   1.2274383e+00
   3.9051409e+00   6.7516369e+00   6.6196534e+00   3.9790776e+00   2.5701335e+00   3.3450145e+00   3.6681867e+00   1.0520545e+00
   6.3128831e+00   4.6005907e+00   3.9811973e+00   1.5526443e+00   3.4507605e-01   3.4206919e+00   5.5203748e+00   5.1553413e+00
   5.4916370e+00   7.7351281e+00   7.0878656e+00   6.9362979e+00   5.1849673e+00   3.8315277e+00   4.2965871e+00   7.0046968e-02
   4.2128912e+00   4.3423226e+00   2.5015366e+00   3.1737716e+00   2.9510493e-01   8.3981605e-01   4.0513941e-02   4.6427286e-01
   4.4699899e+00   4.3412902e+00   5.7924000e+00   8.7904918e-01  -1.3543713e+00   6.0316571e-01   5.5743617e-01  -5.8467418e-03
   5.6620392e+00   4.8581996e+00   5.7312776e+00   1.6554353e+00  -2.5420169e+00  -1.0617022e+00  -9.7680433e-02   1.9211583e-01
  -3.2306922e+00  -4.5970956e+00  -6.2654738e+00  -4.2662249e+00  -3.0776067e+00  -3.7175837e+00  -1.9096689e+00  -2.8369930e+00
  -3.2328887e+00  -5.3470864e+00  -6.5455250e+00  -5.3584207e+00  -3.6806564e+00  -3.2567149e+00  -1.5648511e+00  -2.2815455e+00
  -4.6719757e+00  -6.5960404e+00  -2.3003885e+00  -1.6541438e-01  -5.6589252e-01  -2.3668432e+00  -2.9714536e+00  -2.9701535e+00
  -4.4052856e+00  -4.9252049e+00  -6.3701817e+00  -5.3269339e+00  -6.6008383e+00  -4.6479326e+00  -3.4787505e-01   4.4544058e-01
  -4.6267937e+00  -4.2103815e+00  -4.4485858e+00  -4.7865155e+00  -3.0893547e+00  -2.3272248e+00  -2.1797963e+00  -2.3128669e+00
  -2.1948404e+00  -2.4575762e+00  -4.6957972e+00  -2.8253218e+00   1.6591524e-02   1.3637590e+00  -2.1083075e+00  -5.5370300e+00
  -1.7806670e+00  -3.6912734e+00  -5.1925933e+00  -3.7651325e+00  -1.1372353e-01   1.5087595e+00  -3.1735073e+00  -6.4958558e+00
   1.1216394e-01   1.2782350e-01   3.3120927e-01   1.0102955e+00   4.7653603e-01  -4.5809035e-01  -6.1933479e-03   3.3089940e-01
   1.6182790e-01  -1.1531810e-02   3.8111623e-02   8.1621553e-01   4.9971594e-01  -4.7161588e-01  -5.1437044e-01   1.6685468e-01
   7.3105389e-02  -5.7190713e-02   2.6958934e-01   1.5993894e-01  -2.1385258e-01  -3.5633307e-01  -1.8999016e-01  -7.6594456e-02
   2.0931190e-01   1.4248656e-01  -8.1543056e-02   7.6976515e-04   3.7383307e-01   2.8104984e-03   3.4808299e-02  -1.4217446e-01
  -2.4609705e-02   5.0027122e-02   4.3420359e-01   1.6360386e-01   9.1662063e-02  -8.3090177e-02   2.4332995e-02  -1.8092225e-01
   3.6474575e-02   3.8042548e-01   5.9971400e-01   2.4014397e-01   4.1308492e-01   5.6616730e-01   3.7449838e-01  -3.8691175e-01
   2.5008926e-01   1.9026195e-01   4.1243551e-01   3.9122792e-01   3.5433260e-01   9.1863781e-01   6.8758538e-01  -2.1747202e-01
   2.0711422e-02   2.0697594e-01   2.0697594e-01   3.9324045e-01   3.9324045e-01   2.0711422e-02   2.0697594e-01   2.0697594e-01
   2.0697594e-01   2.0697594e-01   2.0711422e-02   2.0697594e-01   3.9324045e-01   2.0711422e-02  -1.6555309e-01   2.0697594e-01
   2.0711422e-02   2.0711422e-02   2.0697594e-01   5.7950497e-01   3.9324045e-01   2.0711422e-02   2.0711422e-02  -1.6555309e-01
   2.0697594e-01   2.0697594e-01   2.0711422e-02  -1.6555309e-01   2.0697594e-01   2.0697594e-01  -1.6555309e-01  -3.5181761e-01
   2.0711422e-02   2.0711422e-02   2.0697594e-01   2.0711422e-02   2.0697594e-01   3.9324045e-01   2.0697594e-01  -9.1061115e-01
  -3.5181761e-01   2.0711422e-02   3.9324045e-01   2.0697594e-01   2.0697594e-01   5.7950497e-01   5.7950497e-01  -1.6555309e-01
   2.0711422e-02   2.0711422e-02   3.9324045e-01   2.0697594e-01   2.0697594e-01   1.1382985e+00   9.5203400e-01  -3.5181761e-01
  -4.3439149e+01  -4.7826523e+01  -5.0085852e+01  -5.1607064e+01  -5.2420435e+01  -5.2548411e+01  -5.2666575e+01  -5.1931470e+01
  -4.2130414e+01  -4.5806440e+01  -4.7722764e+01  -4.9502701e+01  -5.0879002e+01  -5.1406439e+01  -5.1853315e+01  -5.1425325e+01
  -4.0443164e+01  -4.4189035e+01  -4.6558465e+01  -4.7450923e+01  -4.8313327e+01  -4.9052510e+01  -4.9392583e+01  -4.9383236e+01
  -2.9154242e+01  -2.9983714e+01  -3.1115970e+01  -3.4059288e+01  -3.7202685e+01  -3.8590840e+01  -3.9805953e+01  -4.0298535e+01
  -2.7760933e+01  -3.3811138e+01  -3.9070541e+01  -3.9951634e+01  -3.9902442e+01  -3.9790853e+01  -3.9729340e+01  -3.9303224e+01
  -2.9798827e+01  -3.5708245e+01  -3.7053968e+01  -3.7934773e+01  -3.8260718e+01  -3.7913502e+01  -3.7095642e+01  -3.6822630e+01
  -3.2213105e+01  -3.7625191e+01  -3.9209010e+01  -3.9992003e+01  -4.0193657e+01  -3.9731831e+01  -3.8693422e+01  -3.7916962e+01
   3.2880690e+00   3.5325099e+00   4.3810295e+00   3.5834137e+00   1.9386576e+00   1.9214824e+00   2.4368761e+00   1.5458848e+00
   2.4774925e+00   3.4606546e+00   6.6942441e+00   5.4069330e+00   2.5301522e+00   2.3402519e+00   1.0572438e+00   8.0908909e-01
   3.9144762e+00   6.4352209e+00   3.4873398e+00   2.7209269e+00   1.8464902e+00   1.2881442e+00   9.2237480e-01   3.6755260e-01
   6.1243218e+00   5.5143022e+00   6.5047113e+00   5.6128900e+00   4.9140243e+00   3.5541438e+00   2.7255080e+00  -5.7438005e-01
   6.2651158e+00   4.8634770e+00   4.5937488e+00   1.1743673e+00  -1.4495313e+00  -8.2506441e-01   3.1777819e-01  -9.4414849e-01
   5.8074128e+00   1.5730842e+00   2.7879618e-02   1.9312383e+00  -4.6138283e-01  -1.6885862e+00   2.3592118e+00   3.1195444e+00
   4.7327351e+00   1.0853684e+00   8.0319793e-02   8.2380060e-01  -4.9711374e-01  -3.0232507e-01   3.5154758e+00   3.4949700e+00
  -6.2728103e+00  -4.7540937e+00  -2.5044897e+00  -2.0788476e+00  -3.6018654e-01   9.0396635e-02  -4.2599288e-01  -4.9259067e-01
  -6.0833595e+00  -5.3834777e+00  -3.2638346e+00  -1.1662530e+00  -3.9226276e-01  -1.0922546e+00  -2.7013528e-01  -2.7683523e-01
  -5.5278495e+00  -1.8687926e+00  -2.7799783e+00  -1.5192989e+00  -7.5227124e-01  -2.1651222e-03  -8.5272089e-01  -1.5789441e+00
  -6.4008784e+00  -6.4327246e+00  -6.1261338e+00  -4.3757158e+00  -1.4115893e+00  -2.8578946e+00  -2.7941168e+00  -3.4559256e+00
  -5.1617420e+00  -4.0267385e+00  -1.5805801e+00   5.3576731e-01   4.7746689e-01   2.9150926e+00   2.0013660e+00   2.0733467e-01
  -4.9985874e+00  -2.2451729e+00  -1.0518704e+00  -2.3816751e+00  -9.6064100e-01  -1.5049850e-01   8.1658567e-01   6.0836315e-01
  -4.9720477e+00  -2.5101967e+00  -9.8036476e-01  -2.9445757e+00  -4.8742253e-01   6.5395994e-01   2.4681614e+00   1.0351373e+00
  -5.7480611e+01  -6.3426509e+01  -6.7906196e+01  -6.8060683e+01  -6.7724542e+01  -6.8659123e+01  -6.9499346e+01  -6.7054104e+01
  -5.5690616e+01  -6.1648265e+01  -6.6397646e+01  -6.6408040e+01  -6.6604190e+01  -6.7432786e+01  -6.7880505e+01  -6.6622181e+01
  -5.6068924e+01  -6.1241411e+01  -6.3409752e+01  -6.3105463e+01  -6.4958976e+01  -6.7063495e+01  -6.7558466e+01  -6.5638178e+01
  -4.6973239e+01  -4.7182017e+01  -4.7226889e+01  -5.0215728e+01  -5.3605480e+01  -5.3957137e+01  -5.6061830e+01  -5.4462013e+01
  -4.1841394e+01  -4.7711532e+01  -5.5896122e+01  -5.6503070e+01  -5.4370803e+01  -5.5845105e+01  -5.5981526e+01  -5.5292755e+01
  -4.2676697e+01  -5.0610741e+01  -5.3896641e+01  -5.4480119e+01  -5.3159199e+01  -5.2885676e+01  -5.3359100e+01  -5.2188733e+01
  -4.6260691e+01  -5.3749041e+01  -5.6004864e+01  -5.5992600e+01  -5.4695992e+01  -5.4949224e+01  -5.4799638e+01  -5.2185937e+01
  -5.7828335e+01  -6.2259821e+01  -6.4936243e+01  -6.6633635e+01  -6.7736740e+01  -6.7222567e+01  -6.7074091e+01  -6.7221088e+01
  -5.5875353e+01  -6.0884481e+01  -6.3128520e+01  -6.3993183e+01  -6.5503702e+01  -6.5916833e+01  -6.5904404e+01  -6.6772958e+01
  -5.4559500e+01  -5.8959291e+01  -6.1261174e+01  -6.1173325e+01  -6.2620735e+01  -6.3886538e+01  -6.5611957e+01  -6.6105133e+01
  -4.3159877e+01  -4.4608448e+01  -4.7595768e+01  -4.9292167e+01  -5.1264896e+01  -5.3155620e+01  -5.5230797e+01  -5.8336412e+01
  -4.1967175e+01  -4.7605893e+01  -5.4590691e+01  -5.5751548e+01  -5.5073134e+01  -5.3660203e+01  -5.4785711e+01  -5.6184619e+01
  -4.3220793e+01  -5.0710865e+01  -5.3941074e+01  -5.5064019e+01  -5.4631368e+01  -5.4077026e+01  -5.2674904e+01  -5.2816213e+01
  -4.4640805e+01  -5.2446214e+01  -5.5917416e+01  -5.7968668e+01  -5.6356524e+01  -5.5718432e+01  -5.3650078e+01  -5.3565555e+01
