   7.4559516e+00   4.8860335e+00   7.6330525e+00   2.4730826e+00  -3.2953813e+00  -6.1047208e-01   2.9574175e-01   4.9519480e-01
   7.0625287e+00   5.3535436e+00   8.2152805e+00   3.8836182e+00   1.5250170e+00   1.8974742e+00   1.6953026e+00   4.8067753e-01
   7.0400993e+00   7.1947511e+00   6.6125183e+00   2.1031305e+00   2.3056761e+00   4.4462254e+00   1.4122923e+00  -4.0236191e-01
   7.0936030e+00   8.1916263e+00   6.7581933e+00   4.3445906e+00   4.6391452e+00   2.4465996e+00  -1.6747970e+00  -1.5072269e+00
   4.9683597e+00   5.0460129e+00   3.8448679e+00   7.2859464e-01  -1.8600609e+00  -1.1744175e+00  -2.6782235e-01  -6.0341229e-01
   3.8416699e+00   8.8617305e-01   2.5140836e+00   3.3786974e+00   3.2410943e-01  -1.4342030e+00  -6.2186811e-01  -8.0169102e-01
   3.1526038e+00   7.3937932e-01   2.2895889e+00   4.1182866e+00   3.2039927e-02  -2.7827564e+00  -1.1606556e+00  -1.1578323e+00
  -2.4245455e+00  -9.7939402e-01  -1.0305120e+00  -3.2840367e+00  -7.1388332e-01   9.6565534e-03   8.8891894e-01   3.2029307e+00
  -2.7893659e+00  -2.1729786e+00  -2.1158436e+00  -3.7170536e+00  -2.4692874e+00  -2.0997203e+00  -2.6454955e-01   1.4423077e+00
  -4.5289111e+00  -5.1717264e+00  -3.6927583e+00  -6.5774162e+00  -3.7678296e+00   2.4722329e-03   2.9233540e-01   6.7821281e-01
  -7.6952064e+00  -8.8651100e+00  -8.1953197e+00  -7.0697267e+00  -5.0098204e+00  -3.7413883e-01   8.6771443e-01  -2.3416092e-01
  -6.3166917e+00  -5.8134149e+00  -3.4399361e+00  -4.5879702e-01   2.5610184e-01   1.2091433e-01  -5.9787296e-01   1.0693621e-01
  -2.4251977e+00  -3.8826308e+00  -2.4861638e+00  -5.7055472e-01   1.5274297e+00   1.4111428e+00   1.2568742e+00   3.6477407e+00
  -2.9203886e+00  -4.5986905e+00  -2.3781523e+00  -1.4815189e+00   1.8583601e+00   1.7557751e+00   1.1214955e+00   3.6280920e+00
   3.0981050e-01   6.1969005e-01   7.8689097e-01   8.0243447e-01   5.0359058e-01  -3.7360442e-01   1.9362719e-01   6.1003717e-01
   3.0384511e-01   4.9660123e-01   6.2729137e-01   7.5889694e-01   6.1553114e-01  -2.9196677e-01   1.2782969e-01   5.8063404e-01
   2.7564329e-01   3.3466189e-01   3.2607324e-01   8.1375616e-02  -3.0222424e-01  -2.8198027e-01   1.0732320e-01   2.1954852e-01
   4.6441667e-02   1.5328642e-01   1.9582721e-01   2.4072738e-01   5.1198867e-01   7.1822680e-01   5.3512339e-01  -8.3502958e-02
  -4.8274958e-02  -3.4074636e-02   3.3624858e-02   1.6006046e-01   3.6809482e-01   7.2398525e-02  -2.3701288e-01  -7.5335850e-01
   5.6102128e-02  -5.3760142e-02   3.2124325e-01   2.2284992e-02  -4.1784091e-01  -7.1990593e-01  -1.3628905e+00  -5.9554410e-01
   1.8451539e-03  -2.5245756e-01   3.5207343e-01  -6.2073995e-02  -4.3912230e-01  -7.1136767e-01  -1.6713128e+00  -5.3365760e-01
   2.0697594e-01   5.7950497e-01   5.7950497e-01   5.7950497e-01   1.1382985e+00   5.7950497e-01   7.6576948e-01   1.1382985e+00
   2.0697594e-01   3.9324045e-01   3.9324045e-01   5.7950497e-01   9.5203400e-01   3.9324045e-01   2.0697594e-01   5.7950497e-01
   2.0697594e-01   2.0697594e-01   2.0711422e-02  -3.5181761e-01  -7.2434664e-01  -7.2434664e-01  -3.5181761e-01  -3.5181761e-01
   2.0711422e-02   2.0697594e-01   2.0697594e-01   2.0697594e-01   2.0697594e-01   7.6576948e-01   1.1382985e+00  -7.2434664e-01
   2.0711422e-02  -1.6555309e-01  -1.6555309e-01   2.0711422e-02   5.7950497e-01   2.0697594e-01  -3.5181761e-01  -1.4694047e+00
  -1.6555309e-01  -1.6555309e-01   2.0697594e-01   2.0711422e-02  -3.5181761e-01  -9.1061115e-01  -1.0968757e+00  -5.3808212e-01
  -1.6555309e-01  -1.6555309e-01   2.0697594e-01   2.0697594e-01  -1.6555309e-01  -7.2434664e-01  -1.4694047e+00  -1.6555309e-01
  -4.1501814e+01  -4.4203073e+01  -4.6039787e+01  -4.7423141e+01  -4.7863649e+01  -4.8140641e+01  -4.8251342e+01  -4.9200981e+01
  -3.9917886e+01  -4.2125917e+01  -4.3804292e+01  -4.5524525e+01  -4.6343317e+01  -4.6811654e+01  -4.6869871e+01  -4.7545618e+01
  -3.9905215e+01  -4.3043492e+01  -4.4448739e+01  -4.5706625e+01  -4.5821395e+01  -4.5459518e+01  -4.4618537e+01  -4.4451109e+01
  -2.7018272e+01  -2.7426361e+01  -2.8893731e+01  -3.2529705e+01  -3.5894573e+01  -3.7974965e+01  -3.9252941e+01  -3.9850190e+01
  -2.6491220e+01  -3.1745101e+01  -3.7176527e+01  -3.9051167e+01  -3.9548136e+01  -3.9427660e+01  -3.9313268e+01  -3.9513657e+01
  -3.0055081e+01  -3.4902760e+01  -3.6440870e+01  -3.6100810e+01  -3.5632335e+01  -3.5664002e+01  -3.5941539e+01  -3.5558189e+01
  -3.2975344e+01  -3.6678294e+01  -3.7871924e+01  -3.7458749e+01  -3.6471332e+01  -3.6523547e+01  -3.6821459e+01  -3.6296652e+01
   3.3729861e+00   4.8437953e+00   3.4576539e+00   3.3532341e+00   1.6282118e+00   9.2617401e-02   6.9076689e-01   7.0887934e-01
   3.7006238e+00   4.1392552e+00   3.4342965e+00   3.3756975e+00   2.3809659e+00   7.2945576e-01   1.1098708e+00   1.2108055e-01
   4.6729442e+00   4.0388899e+00   3.1791098e+00   4.0714725e+00   3.5135750e+00   2.9374121e+00   3.5664887e+00   3.5506770e+00
   5.5425049e+00   4.8356487e+00   6.3468855e+00   3.3639542e+00   2.3984880e+00   3.8411786e+00   3.4000816e+00   1.3635935e+00
   4.6790686e+00   4.0168153e+00   7.0767018e-01   9.5574516e-01   8.0219241e-01   1.5960811e+00   2.6676041e+00   4.9198608e-01
   3.8443880e+00   3.2953950e+00   1.4252039e+00   1.2480515e+00  -1.4740401e+00  -9.1059974e-01   2.2143154e+00   2.0939516e+00
   3.3696702e+00   3.6538286e+00   1.5558015e+00   3.2070546e-01  -1.9881542e+00  -1.0335329e+00   1.8736368e+00   1.8021659e+00
  -4.8809438e+00  -5.3783909e+00  -3.7353192e+00  -1.9164279e+00  -2.0214457e+00  -9.6405679e-01  -2.9267761e+00  -4.4121118e+00
  -5.1537742e+00  -6.1657796e+00  -4.7878224e+00  -2.4452906e+00  -2.9494269e+00  -1.2231246e+00  -1.8065797e+00  -2.6195905e+00
  -4.7310285e+00  -4.0074821e+00  -4.9152462e+00  -7.6791323e-01  -7.7717524e-01  -1.1942689e+00  -2.2857907e+00  -1.6105917e+00
  -4.6890642e+00  -4.2843209e+00  -5.4473113e+00  -4.0274646e+00  -3.6305155e+00  -3.1521187e+00  -1.0494063e+00   7.1848250e-01
  -4.9475974e+00  -4.3948991e+00  -2.4716294e+00  -1.3604536e+00   1.5551442e+00   9.2754108e-01  -9.5928543e-01  -7.1891667e-01
  -1.1243057e+00  -1.2125882e-01  -3.0926203e-01   5.8591008e-02   1.1886309e+00   4.8308661e-02  -4.3289354e+00  -6.1339563e+00
   7.6472326e-03   9.4578592e-01  -2.3827540e-01  -2.7260443e-02   1.1081482e+00   4.0045004e-01  -5.0278105e+00  -7.5342142e+00
  -5.8009538e+01  -6.3077187e+01  -6.5350429e+01  -6.5000243e+01  -6.2072508e+01  -6.2060840e+01  -6.3959596e+01  -6.6193672e+01
  -5.5847576e+01  -5.9563306e+01  -6.2752722e+01  -6.3965348e+01  -6.3087193e+01  -6.1726043e+01  -6.2356077e+01  -6.3213058e+01
  -5.6030852e+01  -5.9232127e+01  -6.0064506e+01  -5.9817346e+01  -5.9240136e+01  -6.0600872e+01  -5.9603371e+01  -5.8455675e+01
  -4.5891574e+01  -4.7162762e+01  -4.8403944e+01  -4.9005337e+01  -5.2114141e+01  -5.5945559e+01  -5.6790886e+01  -5.5085041e+01
  -4.0153773e+01  -4.6218666e+01  -5.2585061e+01  -5.4222397e+01  -5.5035618e+01  -5.5208065e+01  -5.6606362e+01  -5.5881217e+01
  -4.3176980e+01  -5.0195107e+01  -5.2787789e+01  -5.3020069e+01  -5.1000630e+01  -5.0992257e+01  -5.2918303e+01  -5.3268109e+01
  -4.6135826e+01  -5.2662859e+01  -5.4510298e+01  -5.5195360e+01  -5.2268177e+01  -5.1578578e+01  -5.3761004e+01  -5.4729082e+01
  -5.2845992e+01  -5.4854508e+01  -5.6694800e+01  -5.9055885e+01  -5.8892908e+01  -5.9381410e+01  -6.1197359e+01  -6.3773178e+01
  -5.1859017e+01  -5.3807562e+01  -5.5698185e+01  -5.7892079e+01  -5.8388275e+01  -5.8938990e+01  -6.0084093e+01  -6.1520140e+01
  -5.3914999e+01  -5.7589677e+01  -5.9707306e+01  -6.2028677e+01  -6.3670779e+01  -6.2194234e+01  -6.0276292e+01  -5.8739104e+01
  -4.4592623e+01  -4.4139395e+01  -4.5423461e+01  -4.7542919e+01  -5.0270668e+01  -5.1332368e+01  -5.4020292e+01  -5.6070645e+01
  -4.1511338e+01  -4.7637144e+01  -5.3564333e+01  -5.3838419e+01  -5.3543522e+01  -5.5019810e+01  -5.6044635e+01  -5.5625974e+01
  -4.1350416e+01  -4.8829406e+01  -5.1688178e+01  -5.0441412e+01  -4.9742034e+01  -5.0920210e+01  -5.1931636e+01  -5.2999283e+01
  -4.4678027e+01  -5.1555170e+01  -5.3485085e+01  -5.1834567e+01  -5.0374823e+01  -5.1664428e+01  -5.3160253e+01  -5.3915453e+01
