   5.7810252e+00   3.9568651e+00   6.9485829e-01   4.9830488e-01  -1.9698011e-01  -3.0454082e-01   8.7214034e-01   1.3348695e+00
   4.3750163e+00   2.7294770e+00   6.3840033e-01   9.1240671e-01  -1.3226837e-02  -3.8131635e-01   1.0246180e+00   1.2572127e+00
   9.2089086e+00   4.9865449e+00   2.5693487e+00   3.9162122e+00   3.5360076e+00   1.0602468e+00   2.4085474e+00   2.3058651e+00
   1.3531024e+01   8.8497158e+00   4.7394952e+00   5.5322367e+00   4.8831534e+00   2.5216196e+00  -1.2017266e+00  -9.1575329e-01
   1.3969108e+01   9.5107448e+00   7.6305294e-01   1.7262175e+00   2.6490664e+00   3.0890803e+00  -1.1096104e+00  -2.2708018e+00
   1.0054845e+01   8.7063466e+00   1.4774732e+00   1.0905638e+00   2.2405667e+00   1.1946473e+00  -2.8513021e+00  -1.7448471e+00
   8.4970729e+00   7.7586496e+00   1.0844211e+00   9.0343176e-01   2.6475422e+00   1.5656954e+00  -3.0997047e+00  -1.1623380e+00
  -5.6181652e+00  -5.0092134e+00  -1.5175305e+00  -1.7344643e+00  -1.0363573e+00   3.6852906e-01  -4.3061281e-03   1.7469644e+00
  -5.0777971e+00  -3.9837803e+00  -1.2267264e+00  -1.3740328e+00  -5.2178047e-01   6.7980176e-01   2.8529682e-01   1.5887062e+00
  -9.3577912e+00  -1.0113721e+01  -7.5992848e+00  -4.5514571e+00  -1.8658628e+00   4.5193314e-01   1.9544692e+00   1.5830970e+00
  -1.4339069e+01  -1.2211391e+01  -1.1098972e+01  -4.9873607e+00  -2.9698665e+00  -2.7542011e+00  -4.0067433e-01   2.4431168e+00
  -8.1317971e+00  -7.0817858e+00  -6.4881255e+00  -2.2399699e+00  -1.3988091e+00   3.1439685e+00   2.2147672e+00  -1.0920987e+00
  -5.0435014e+00  -3.2506975e+00  -3.4484112e+00  -3.2458331e+00  -4.5619712e+00  -1.6511457e+00   2.5760634e-03   1.2846889e+00
  -4.6451602e+00  -2.8946487e+00  -3.1319395e+00  -3.1993000e+00  -5.1684109e+00  -2.9966320e+00  -1.2799288e+00   1.3830875e+00
   7.4534487e-01   2.4638714e-02  -3.2176552e-01   1.1713826e+00   1.5749765e+00   6.8014681e-01   7.1519226e-01   4.6827579e-01
   3.7577808e-01  -3.7577901e-01  -6.2052171e-01   6.2249164e-01   9.8914170e-01   3.9158906e-01   5.5115824e-01   2.9660590e-01
  -2.7658610e-01  -6.4476691e-01  -4.9969268e-01  -1.5733981e-01   3.2148143e-03   4.8214082e-01   5.2488459e-01   1.9563449e-01
   7.0753512e-02  -5.6186526e-02  -3.0646720e-01  -3.9503652e-01  -3.1416701e-02  -1.7198640e-01  -3.6464299e-01  -3.3284972e-01
   3.3287230e-02  -1.9199048e-02  -1.5349271e-01   6.8447783e-02   4.5001971e-01  -1.0279683e-01  -1.1318183e+00  -3.8997130e-01
  -1.3411124e-01  -4.7097125e-01  -4.3659703e-01  -5.4876845e-01  -1.5120503e-01   1.3475514e-02  -1.1743141e+00  -3.6379656e-01
  -1.9540450e-01  -3.0205650e-01  -1.6452073e-01  -4.6406440e-01  -2.6029059e-01   3.2410960e-01  -9.8319036e-01  -1.8193403e-01
   2.4288177e-01   2.4288177e-01   2.4288177e-01   1.9192624e+00   1.9192624e+00   4.2914629e-01   4.2914629e-01   9.8793983e-01
   2.4288177e-01   5.6617260e-02  -3.1591177e-01   9.8793983e-01   1.1742043e+00   5.6617260e-02   2.4288177e-01   6.1541080e-01
   5.6617260e-02   5.6617260e-02   5.6617260e-02   5.6617260e-02   4.2914629e-01   6.1541080e-01   4.2914629e-01   6.1541080e-01
   5.6617260e-02   5.6617260e-02   5.6617260e-02   5.6617260e-02   2.4288177e-01   2.4288177e-01   5.6617260e-02  -5.0217628e-01
   5.6617260e-02   5.6617260e-02   5.6617260e-02   6.1541080e-01   1.3604689e+00   5.6617260e-02  -2.1785569e+00  -8.7470531e-01
   5.6617260e-02  -1.2964725e-01   5.6617260e-02   5.6617260e-02   4.2914629e-01   2.4288177e-01  -1.8060279e+00  -6.8844080e-01
   5.6617260e-02   5.6617260e-02   2.4288177e-01   5.6617260e-02   2.4288177e-01   4.2914629e-01  -1.6197634e+00  -3.1591177e-01
  -3.5889664e+01  -3.6952607e+01  -3.7680827e+01  -3.8404737e+01  -3.8448590e+01  -3.8600249e+01  -3.8425452e+01  -3.8031302e+01
  -3.4881228e+01  -3.5690427e+01  -3.6357906e+01  -3.7403055e+01  -3.7591323e+01  -3.7596257e+01  -3.7270257e+01  -3.6753291e+01
  -3.1789302e+01  -3.2648625e+01  -3.3951460e+01  -3.5882149e+01  -3.6610395e+01  -3.6365595e+01  -3.6266501e+01  -3.6034033e+01
  -2.4446345e+01  -2.6504130e+01  -2.9841977e+01  -3.3255570e+01  -3.4899949e+01  -3.5408792e+01  -3.5652756e+01  -3.6049798e+01
  -2.4558075e+01  -2.9232902e+01  -3.4545583e+01  -3.5832669e+01  -3.5926656e+01  -3.5630257e+01  -3.5438956e+01  -3.5077663e+01
  -2.8191324e+01  -3.3424287e+01  -3.6735649e+01  -3.7287598e+01  -3.7099105e+01  -3.6193116e+01  -3.5963122e+01  -3.5134163e+01
  -3.0173351e+01  -3.4941980e+01  -3.7774187e+01  -3.8623093e+01  -3.8426125e+01  -3.7264707e+01  -3.6886156e+01  -3.5978761e+01
  -2.7087643e-01  -6.9479479e-01   1.5508010e-01  -2.8253561e+00  -1.4803592e+00   1.3774703e+00   4.8539016e+00   3.7907660e+00
  -4.7293322e-01  -7.7906172e-01   2.9708698e-01  -2.7845446e+00  -1.6753945e+00   1.5121860e+00   5.0259701e+00   3.6443795e+00
  -2.0628344e+00  -3.1691103e-01   2.3646948e-01  -1.1054281e+00  -2.1812712e+00   1.6280286e+00   4.0495532e+00   2.9037453e+00
   4.8456208e+00   6.5450614e+00   6.5691068e+00   5.7971266e+00   3.8879683e-01   1.0208070e+00   6.5731233e-01   2.8522255e+00
   4.6304562e+00   4.1761008e+00   3.3825355e+00   2.0449346e+00   5.5604588e-01  -1.5657234e+00  -1.8877483e+00  -4.5035902e-02
   5.0615113e+00   2.1007920e+00   1.5447224e-01  -8.5210955e-01  -1.2270499e+00  -1.3240899e+00   1.2531092e+00   2.7520891e+00
   5.4946178e+00   1.5435241e+00  -3.2297189e-01  -1.0148750e+00  -2.2703638e+00  -1.9392292e+00   1.3912973e+00   2.5366873e+00
  -1.6548466e+00   4.1101398e-01  -3.1769882e-01   2.3026220e+00   9.8625285e-01   3.5200274e-02  -1.0615054e+00   9.8394380e-02
  -1.9426513e+00   9.4165735e-01   7.7116031e-01   2.1916636e+00   8.3857061e-01  -1.0677131e-01  -1.5217594e+00  -1.5240452e-01
  -3.5202970e+00   9.4573879e-01  -1.8581780e-01  -1.2547649e+00  -3.2245683e+00  -2.2172790e+00  -2.6256025e+00  -1.3661949e-01
  -8.3035835e+00  -6.9979743e+00  -5.6950838e+00  -3.9257852e+00  -3.7871911e+00  -3.1752826e+00  -3.6520979e+00  -1.1452215e+00
  -7.0361614e+00  -6.1515405e+00  -2.3601529e+00  -1.8887548e+00  -1.3842867e+00  -1.3554524e+00  -1.5995980e+00   1.4558138e+00
  -5.9250300e+00  -6.7802799e+00  -9.6245336e-01  -1.7087445e+00  -8.4175591e-02  -9.3709833e-01  -1.0559435e+00   1.5006940e-01
  -5.4559634e+00  -5.8392305e+00  -1.6241600e+00  -1.6537609e+00   3.4441525e-01  -1.1537829e+00  -1.2846351e+00   2.7855262e-02
  -5.1500757e+01  -5.2711302e+01  -5.2666584e+01  -5.4212230e+01  -5.2540671e+01  -5.1495349e+01  -5.2881246e+01  -5.2788679e+01
  -5.0161786e+01  -5.1120122e+01  -5.1004737e+01  -5.3276640e+01  -5.1769209e+01  -5.0398191e+01  -5.1446405e+01  -5.1398398e+01
  -4.8108862e+01  -4.8067445e+01  -4.8293122e+01  -5.2095587e+01  -5.3224600e+01  -5.1443720e+01  -5.0943254e+01  -5.0843315e+01
  -4.2287725e+01  -4.1728943e+01  -4.3634332e+01  -4.7228219e+01  -5.0834622e+01  -5.1108589e+01  -5.0048493e+01  -4.9033385e+01
  -4.0282409e+01  -4.3033484e+01  -4.7284589e+01  -5.0848211e+01  -5.2220576e+01  -5.2133892e+01  -4.9930725e+01  -4.8333368e+01
  -4.1333903e+01  -4.8204832e+01  -5.1998471e+01  -5.3327238e+01  -5.3631046e+01  -5.1378075e+01  -4.9151029e+01  -4.8177226e+01
  -4.2716630e+01  -5.0479800e+01  -5.3348207e+01  -5.4665842e+01  -5.5156771e+01  -5.2650681e+01  -5.0280725e+01  -4.9262799e+01
  -5.0497418e+01  -5.2607539e+01  -5.3056383e+01  -5.3513471e+01  -5.3246491e+01  -5.3052040e+01  -5.3900814e+01  -5.1877009e+01
  -4.9268710e+01  -5.1462237e+01  -5.1880472e+01  -5.2583737e+01  -5.2524381e+01  -5.2099521e+01  -5.2368019e+01  -5.0512014e+01
  -4.7144124e+01  -4.9590661e+01  -5.0231486e+01  -5.1683474e+01  -5.0851513e+01  -5.0935466e+01  -5.0645721e+01  -5.0420480e+01
  -4.2136489e+01  -4.2520282e+01  -4.5367446e+01  -4.8205386e+01  -4.9015891e+01  -4.8948062e+01  -4.9357472e+01  -5.0920777e+01
  -3.8506662e+01  -4.2826692e+01  -5.0618683e+01  -5.0851933e+01  -5.0856553e+01  -5.1313544e+01  -5.0715771e+01  -5.0916848e+01
  -3.9581267e+01  -4.5857384e+01  -5.2964337e+01  -5.2760815e+01  -5.2998788e+01  -5.1858651e+01  -5.2333556e+01  -5.0414074e+01
  -4.1598350e+01  -4.8106940e+01  -5.3507880e+01  -5.4191625e+01  -5.4470697e+01  -5.3275048e+01  -5.3963149e+01  -5.1118558e+01
