   1.0483612e+01   8.8566881e+00   9.4783491e+00   9.7971268e+00   6.9669559e+00   3.9961868e+00   2.9874895e+00   7.0621725e-01
   1.0221485e+01   8.5597167e+00   8.5530082e+00   8.9186858e+00   5.7427905e+00   3.0037117e+00   2.3820274e+00   2.0587445e-01
   8.4230181e+00   5.2328415e+00   5.5912251e+00   6.6810491e+00   2.4821328e+00   1.0357386e+00   8.5291007e-01   1.0435546e+00
   7.4203166e+00   6.5730749e+00   4.2445258e+00   1.9593018e+00   3.8058079e+00   2.5148593e+00  -1.5243305e+00   1.0866399e+00
   3.8947667e+00   1.8303592e+00   2.3799315e+00   1.6152796e+00  -3.4834019e-02  -3.4932105e+00  -2.0860282e+00   8.7180395e-01
   5.0848055e+00  -2.3114315e+00   7.6589526e-01   5.9156357e-01   8.6237773e-02  -3.5872114e+00  -1.1646859e+00  -9.0821399e-01
   4.9777855e+00  -1.4600203e+00   4.2147968e-02  -3.7396227e-01  -2.2502272e-01  -3.5096406e+00  -8.5211078e-01  -1.3661297e-01
  -8.6128448e+00  -9.3317998e+00  -1.0000237e+01  -6.9459633e+00  -6.7176820e+00  -4.2536079e+00  -3.3196534e+00  -1.1691981e+00
  -8.1109642e+00  -8.4120501e+00  -9.7347317e+00  -6.6514972e+00  -6.8161989e+00  -4.2569775e+00  -3.1893474e+00  -1.8116770e+00
  -4.9592478e+00  -3.8384133e+00  -6.8154929e+00  -8.2835307e+00  -5.8425877e+00  -3.7502385e+00  -3.2359429e+00  -2.3588959e+00
  -4.0203357e+00  -4.7042003e+00  -3.6621207e+00  -7.2327967e+00  -4.4911534e+00  -1.7018748e+00  -4.3539723e-01   3.1943482e+00
  -6.9220048e+00  -2.8358335e+00  -1.9508127e+00  -3.7044495e+00  -2.1262681e+00  -2.2000102e-01   1.8617558e+00   2.5270703e+00
  -7.4334425e+00  -2.7410318e+00  -2.0194772e+00  -2.6888367e+00  -1.1044342e+00   2.4639246e+00   3.6501872e+00  -4.0588279e-01
  -5.9094031e+00  -2.1391565e+00  -2.7226803e+00  -2.5782656e+00  -1.1108971e+00   2.8123537e+00   3.9103018e+00  -9.3452552e-01
   1.9641905e-01   4.7136020e-01   8.2887990e-01   1.1248694e+00   4.3970608e-01   4.4725273e-01   1.4179148e+00   1.5350810e+00
   2.0064032e-01   5.7034895e-01   1.0672183e+00   1.2872094e+00   4.0146193e-01   3.4351797e-01   1.3968090e+00   1.7011035e+00
   4.6851536e-01   9.7526515e-01   1.5596661e+00   8.2846396e-01  -1.2386346e-01   7.9611142e-01   1.3699744e+00   1.2074829e+00
   3.2801998e-01   4.3428710e-01   3.2627065e-01  -1.2060739e-01  -2.4204976e-01   9.6327214e-01   1.6770557e+00   6.9332249e-01
   3.5875923e-01   5.6850785e-01   3.2100322e-01  -2.0089017e-03  -3.1116173e-01   7.3662061e-01   4.8252626e-01   2.1506695e-01
   1.6295658e-01   1.2051473e+00   1.1509356e+00   3.7509825e-01   5.4390736e-01   1.5835734e+00   5.4361914e-01   7.6773791e-01
   3.6630733e-01   1.5688095e+00   8.2466542e-01   4.6569697e-01   9.4086402e-01   1.9895434e+00   1.0554542e+00   1.2820886e+00
   5.6617260e-02   2.4288177e-01   2.4288177e-01   6.1541080e-01   4.2914629e-01   4.2914629e-01   8.0167532e-01   1.1742043e+00
   5.6617260e-02   2.4288177e-01   4.2914629e-01   6.1541080e-01   4.2914629e-01   4.2914629e-01   9.8793983e-01   1.1742043e+00
  -1.2964725e-01   2.4288177e-01   8.0167532e-01   4.2914629e-01   5.6617260e-02   6.1541080e-01   1.3604689e+00   9.8793983e-01
   5.6617260e-02   5.6617260e-02   5.6617260e-02  -1.2964725e-01  -1.2964725e-01   9.8793983e-01   2.4780560e+00   8.0167532e-01
   2.4288177e-01   4.2914629e-01   5.6617260e-02  -1.2964725e-01  -5.0217628e-01   6.1541080e-01   4.2914629e-01   5.6617260e-02
   5.6617260e-02   6.1541080e-01   4.2914629e-01   2.4288177e-01   6.1541080e-01   1.5467334e+00   2.4288177e-01   9.8793983e-01
   5.6617260e-02   8.0167532e-01  -1.2964725e-01   2.4288177e-01   1.1742043e+00   1.9192624e+00   8.0167532e-01   1.5467334e+00
  -3.6723323e+01  -3.8510873e+01  -4.0030223e+01  -4.1285860e+01  -4.2453082e+01  -4.2592522e+01  -4.3230346e+01  -4.4372374e+01
  -3.5292632e+01  -3.6996819e+01  -3.8373654e+01  -3.9573423e+01  -4.0744609e+01  -4.0863789e+01  -4.1376242e+01  -4.2441930e+01
  -3.3965060e+01  -3.5191548e+01  -3.6237590e+01  -3.6740726e+01  -3.7376563e+01  -3.7437739e+01  -3.7533962e+01  -3.8568553e+01
  -3.1592047e+01  -3.3190294e+01  -3.4605437e+01  -3.5096899e+01  -3.4909194e+01  -3.4371491e+01  -3.4202867e+01  -3.5161751e+01
  -2.8707435e+01  -3.2437008e+01  -3.3770053e+01  -3.4392698e+01  -3.4663542e+01  -3.4817979e+01  -3.4525913e+01  -3.4332385e+01
  -2.9340579e+01  -3.3466418e+01  -3.3940085e+01  -3.4075345e+01  -3.4562130e+01  -3.5233398e+01  -3.4472899e+01  -3.4726975e+01
  -3.0771340e+01  -3.3994732e+01  -3.4206991e+01  -3.4524079e+01  -3.5241306e+01  -3.6052649e+01  -3.5425284e+01  -3.5813638e+01
   5.4531262e+00   3.7982092e+00   2.3157145e+00   1.1522891e+00   2.3066549e-01   1.5358063e+00   7.8637483e-01  -2.6233541e+00
   4.9141580e+00   3.6658886e+00   2.5948510e+00   3.9485789e-01   6.8666045e-01   2.0342067e+00   9.5849543e-01  -1.5553205e+00
   3.2984498e+00   3.4978245e+00   1.1948377e+00  -1.8467476e+00   8.8088728e-01   2.4443318e+00   1.7330328e+00   1.3809129e+00
   5.5812856e+00   3.2125480e+00   1.1453276e+00   2.0199114e+00   1.0427022e+00   2.9275594e+00   2.7829636e+00  -7.3786730e-01
   5.9290939e+00   3.0347537e+00   8.5611539e-01   2.3154061e-01   2.0410301e+00   1.0420633e+00   4.6369562e-01  -1.4236850e+00
   5.8677788e+00   2.3205310e+00   4.1423605e-01  -3.2118407e-01   3.9961832e+00   2.9095982e+00   2.4778445e+00   1.5774605e+00
   4.4773059e+00   2.1410422e+00   8.1697498e-01   6.3199863e-01   3.8428193e+00   3.3517116e+00   2.9038114e+00   1.2648890e+00
  -4.9624699e+00  -5.2654989e+00  -4.3235858e+00  -6.4148776e+00  -5.0706839e+00  -4.4993967e+00  -5.3888936e+00  -6.9359972e+00
  -4.2720241e+00  -4.1403693e+00  -2.2314825e+00  -5.1306529e+00  -4.7238184e+00  -4.1190154e+00  -4.0062640e+00  -4.8050836e+00
  -2.5536476e+00  -1.8589382e+00   1.3026470e+00  -1.2956372e+00  -4.2710126e+00  -1.5459065e+00  -7.4834783e-01  -1.0347847e+00
  -4.3691160e+00  -1.3961392e+00  -1.3982313e+00   8.3455343e-01  -1.8609677e+00  -1.8111791e+00  -2.4128916e+00  -2.0916732e+00
  -5.0876097e+00  -1.6492089e+00  -1.5445983e+00   1.6829098e+00  -7.3789043e-01  -1.9612767e+00  -1.1919488e+00  -5.1814444e-02
  -5.1791291e+00  -3.6921072e+00   3.0714969e-01   1.1271218e+00  -1.3923617e+00  -4.1386407e+00  -1.8653684e+00   2.5209601e-01
  -4.2378221e+00  -2.4760881e+00   1.2596749e+00   1.3675815e+00  -1.0232058e+00  -4.2023312e+00  -2.1454147e+00   2.2060978e-01
  -5.0358631e+01  -5.3389086e+01  -5.5562956e+01  -5.8335032e+01  -6.0441469e+01  -5.8099597e+01  -5.8764364e+01  -6.0199173e+01
  -4.8839828e+01  -5.1875697e+01  -5.3703955e+01  -5.6550659e+01  -5.8392618e+01  -5.6200449e+01  -5.6768946e+01  -5.7474171e+01
  -4.7422307e+01  -4.9931152e+01  -5.2066837e+01  -5.4501488e+01  -5.3425521e+01  -5.3314118e+01  -5.3232425e+01  -5.3485567e+01
  -4.5008263e+01  -4.6027738e+01  -4.8637342e+01  -4.9340035e+01  -5.0572309e+01  -5.1024106e+01  -4.9559282e+01  -5.1021428e+01
  -4.0276173e+01  -4.4847264e+01  -4.8832445e+01  -4.9731922e+01  -4.8524835e+01  -4.8619092e+01  -4.8521029e+01  -4.9754505e+01
  -4.0156129e+01  -4.5840073e+01  -4.7682613e+01  -4.8241957e+01  -4.8724134e+01  -4.8446911e+01  -4.8127046e+01  -4.9775072e+01
  -4.1808762e+01  -4.7167221e+01  -4.8185085e+01  -4.8341903e+01  -4.9429044e+01  -4.9431820e+01  -4.8990773e+01  -5.0968733e+01
  -5.0348978e+01  -5.2261041e+01  -5.4223651e+01  -5.3711991e+01  -5.5032965e+01  -5.4550155e+01  -5.4991576e+01  -5.7635947e+01
  -4.9401200e+01  -5.1149336e+01  -5.3479547e+01  -5.2742369e+01  -5.4194878e+01  -5.3430671e+01  -5.3733639e+01  -5.6850300e+01
  -4.8210254e+01  -4.9646276e+01  -5.2471448e+01  -5.2816547e+01  -5.2763458e+01  -5.2626594e+01  -5.2564233e+01  -5.4065868e+01
  -4.3095153e+01  -4.7200484e+01  -4.8945130e+01  -5.1905195e+01  -5.0145490e+01  -4.9109835e+01  -4.9188524e+01  -5.0192709e+01
  -4.0472248e+01  -4.4698783e+01  -4.9282630e+01  -5.1480301e+01  -5.0166248e+01  -4.9702287e+01  -4.9269968e+01  -4.9761118e+01
  -4.1959201e+01  -4.7642418e+01  -5.1111115e+01  -4.9975271e+01  -4.9659041e+01  -4.9670068e+01  -4.8919074e+01  -4.9926339e+01
  -4.3275150e+01  -4.9394659e+01  -5.2035808e+01  -5.0708320e+01  -5.0697960e+01  -5.0648787e+01  -4.9990111e+01  -5.1256458e+01
