   6.1294134e+00   5.5703384e+00   5.1722854e+00   3.2235122e+00   1.4382099e+00   6.1507763e-01   4.8884985e-01  -2.8547397e-01
   6.2274033e+00   5.7074331e+00   4.3916190e+00   2.8310536e+00  -1.5594889e+00  -2.3896908e-01   6.5242565e-01   6.3514783e-01
   5.8119195e+00   5.7319392e+00   5.6003070e+00   7.6449761e+00   6.8723556e+00   6.9924133e+00   6.0574204e+00   3.4709588e+00
   8.1047865e+00   8.6939058e+00   6.9559711e+00   6.0370363e+00   8.2117399e+00   6.3610365e+00   5.7157413e+00   7.7034804e+00
   6.8839881e+00   4.8698616e+00   2.3778640e+00   4.0143867e+00   3.0911194e+00   4.0312465e+00   4.0352538e+00   3.2243373e+00
   6.6868994e+00   7.6646810e+00   7.6360153e+00   4.2421333e+00   4.7940833e+00   4.5505374e+00   2.2349457e+00   2.7785413e+00
   7.2674124e+00   9.4399040e+00   7.5850167e+00   4.1801886e+00   4.1705023e+00   4.4159461e+00   2.3353886e+00   2.4249043e+00
  -6.2300709e+00  -5.7779924e+00  -6.1856555e+00  -3.6016868e+00  -4.3494179e+00  -3.7980697e+00  -4.8945113e+00  -1.5320515e+00
  -5.4807999e+00  -4.4944771e+00  -5.7156710e+00  -3.8793579e+00  -5.2688315e+00  -3.7474283e+00  -3.7179378e+00  -1.1600968e+00
  -7.2225773e+00  -9.4305617e+00  -7.8727643e+00  -4.0223060e+00  -4.6476426e+00  -5.8643650e+00  -3.3017489e+00  -1.9821265e+00
  -6.1389218e+00  -6.3303466e+00  -7.4163038e+00  -4.7227691e+00  -5.7162299e+00  -6.4217735e+00  -6.9860307e+00  -4.4808781e+00
  -6.2417042e+00  -5.5514993e+00  -3.3882884e+00  -8.4818999e-01  -3.2636588e+00  -1.8938273e+00   1.3229750e-01  -2.8757100e+00
  -2.6725179e+00  -4.9081904e+00  -6.2347485e+00  -2.8378608e+00  -1.9392447e+00  -2.3227060e+00   5.2234409e-01   1.9775260e-01
  -2.8553979e+00  -5.0310108e+00  -5.2246838e+00  -2.7308386e+00  -2.6468305e+00  -2.0454845e+00  -7.9560733e-01  -2.9317633e-01
   2.3048728e-01   5.1381471e-01   7.1672017e-01   8.2648906e-01   1.3170663e+00   9.9558425e-01   8.1340733e-01   8.6563932e-01
   2.0801591e-01   4.0930480e-01   7.7803192e-01   7.6667633e-01   7.2718185e-01   3.6893559e-01   6.6702223e-01   1.1158972e+00
  -6.4121382e-02  -1.8959430e-01  -1.6427457e-01   1.2191344e-01  -1.1400340e-01  -6.5376067e-01  -1.2985932e-01  -1.7525745e-02
   1.1851200e-01   1.7249070e-01   1.9599898e-01   2.0692315e-01   3.4318128e-01   1.3990548e-01  -1.4779219e-01  -1.2348161e-01
  -2.9405640e-03   7.2048992e-03  -5.8872862e-02  -2.7434830e-02  -3.4166868e-02  -5.4831933e-01   5.3625662e-02  -6.4486507e-02
   1.6697238e-01  -4.7697551e-02  -2.9058610e-01  -4.9891966e-01   6.3828641e-02   2.4517107e-01  -4.2056819e-01  -7.7559715e-01
   4.6002879e-02  -8.4596940e-02  -6.6154686e-02  -2.0539396e-01   2.0102287e-01   5.5369231e-01   7.9523140e-02  -1.6134792e-01
   2.2492886e-01   4.1119337e-01   4.1119337e-01   2.2492886e-01   5.9745789e-01   4.1119337e-01   3.8664341e-02   2.2492886e-01
   2.2492886e-01   2.2492886e-01   4.1119337e-01   2.2492886e-01   4.1119337e-01   2.2492886e-01   2.2492886e-01   1.5287805e+00
  -1.4760017e-01   3.8664341e-02   3.8664341e-02   3.8664341e-02   3.8664341e-02  -1.4760017e-01  -1.4760017e-01  -1.4760017e-01
   3.8664341e-02   2.2492886e-01   2.2492886e-01   2.2492886e-01   2.2492886e-01   2.2492886e-01   3.8664341e-02   3.8664341e-02
   3.8664341e-02   3.8664341e-02  -1.4760017e-01  -3.3386469e-01   3.8664341e-02  -3.3386469e-01   3.8664341e-02  -5.2012920e-01
   2.2492886e-01   3.8664341e-02  -1.4760017e-01  -1.4760017e-01   2.2492886e-01   3.8664341e-02  -1.2651873e+00  -1.8239808e+00
   3.8664341e-02  -1.4760017e-01  -1.4760017e-01  -1.4760017e-01   3.8664341e-02   2.2492886e-01  -1.4760017e-01  -5.2012920e-01
  -3.2302207e+01  -3.6840654e+01  -3.9205573e+01  -4.1748111e+01  -4.3194290e+01  -4.3669183e+01  -4.3423868e+01  -4.1908054e+01
  -3.0366608e+01  -3.5245525e+01  -3.8415332e+01  -4.1023219e+01  -4.2259148e+01  -4.2503941e+01  -4.3182384e+01  -4.3202931e+01
  -2.8525682e+01  -3.2073471e+01  -3.4912494e+01  -3.7500857e+01  -3.9422854e+01  -4.0642847e+01  -4.1433458e+01  -4.1040741e+01
  -1.8438473e+01  -2.0595697e+01  -2.2237336e+01  -2.5501997e+01  -3.0098766e+01  -3.3164707e+01  -3.6538084e+01  -3.7613277e+01
  -1.6675914e+01  -2.2138381e+01  -3.1623403e+01  -3.5828044e+01  -3.6888671e+01  -3.7745001e+01  -3.7894669e+01  -3.7274793e+01
  -2.0915223e+01  -2.8611260e+01  -3.3697867e+01  -3.5000878e+01  -3.6157422e+01  -3.7031054e+01  -3.7015995e+01  -3.6823444e+01
  -2.3479634e+01  -3.0613636e+01  -3.5107049e+01  -3.6681135e+01  -3.7953512e+01  -3.8614656e+01  -3.8888635e+01  -3.8512343e+01
   4.6361532e+00   4.7684719e+00   4.6358698e+00   2.9600829e+00   8.8328677e-01   5.2568695e-02  -1.1044774e+00  -2.1215752e+00
   5.1477153e+00   4.8458992e+00   4.0047575e+00   1.9848579e+00   1.2272452e-01   7.8686119e-01   3.6903004e+00  -1.7521230e-01
   5.0508142e+00   3.4745974e+00   2.1661719e+00   1.1216381e+00   1.8042278e+00   3.2595078e+00   1.8889027e+00  -1.6103303e+00
   7.7505589e+00   6.1033485e+00   6.6743074e+00   4.8413791e+00   2.7706289e+00   4.1092777e+00   2.6435695e+00  -2.3306999e-01
   5.7627488e+00   4.6616349e+00   5.6867154e+00   2.1124689e+00   1.0166631e+00   1.2471697e+00  -7.8699740e-01  -2.8681098e+00
   3.6799217e+00   4.7736293e+00   4.8512935e+00   2.8295998e+00  -9.7886369e-02   7.7605407e-01   1.6280395e+00  -1.2309893e+00
   3.4899582e+00   5.8003216e+00   4.5786467e+00   3.3646152e+00   1.2173276e+00   1.1891554e+00   1.1006502e+00  -8.1876067e-01
  -5.1254496e+00  -5.9792874e+00  -3.1942609e+00  -3.6167438e+00  -4.4111731e+00  -9.0333218e-01   2.3214929e+00   1.0354499e+00
  -5.7188865e+00  -6.6331498e+00  -2.8524489e+00  -2.4792619e+00  -2.2518878e+00  -1.6654387e-01   2.6820419e+00   2.2242241e+00
  -4.8886987e+00  -4.6064739e+00  -2.9070735e+00  -3.3713327e+00  -3.6872885e+00  -2.0913226e+00  -2.3623113e+00  -3.5716354e+00
  -6.9179365e+00  -6.5510216e+00  -5.7907967e+00  -6.5434230e+00  -6.0777963e+00  -3.9345195e+00  -4.6544770e-01  -2.8463337e+00
  -6.7041833e+00  -7.8335086e+00  -4.5144765e+00  -6.9949884e+00  -2.4507404e+00  -1.6993220e+00  -2.2629634e+00   2.9837739e-01
  -6.7010804e+00  -4.9946865e+00  -3.6009146e+00  -5.3807110e+00  -3.1697966e+00  -6.3488804e-01  -8.8102585e-01   3.5916322e-01
  -5.9383102e+00  -4.7183606e+00  -3.9405215e+00  -5.2095665e+00  -3.2231779e+00  -1.1996829e+00  -1.7900479e-01   8.1112129e-01
  -4.4915777e+01  -4.9830105e+01  -5.2149284e+01  -5.3600328e+01  -5.6244777e+01  -5.8333344e+01  -5.7957126e+01  -5.6417483e+01
  -4.2989218e+01  -4.7779781e+01  -5.0894002e+01  -5.3041799e+01  -5.5538016e+01  -5.7256561e+01  -5.7928706e+01  -5.9014758e+01
  -3.9504860e+01  -4.4723306e+01  -4.8517016e+01  -5.2436209e+01  -5.3854868e+01  -5.4918050e+01  -5.6069709e+01  -5.6372546e+01
  -3.1791466e+01  -3.4002458e+01  -3.5564038e+01  -3.8249481e+01  -4.4773869e+01  -4.7111482e+01  -5.0779208e+01  -5.3633213e+01
  -2.8425294e+01  -3.3339615e+01  -4.2035866e+01  -4.7571209e+01  -5.0272838e+01  -5.2420855e+01  -5.4082158e+01  -5.3037116e+01
  -3.2976213e+01  -4.0812346e+01  -4.7001957e+01  -4.8097570e+01  -5.1074750e+01  -5.1212277e+01  -5.2280604e+01  -5.1745294e+01
  -3.5608091e+01  -4.3709712e+01  -4.8188085e+01  -4.9129298e+01  -5.2170123e+01  -5.3381909e+01  -5.4349393e+01  -5.3907578e+01
  -4.3678984e+01  -4.8212364e+01  -5.1420246e+01  -5.4583775e+01  -5.6508651e+01  -5.8077498e+01  -5.9793978e+01  -5.8681189e+01
  -4.1410358e+01  -4.6189739e+01  -5.1067502e+01  -5.4868399e+01  -5.7054803e+01  -5.7854669e+01  -5.9033384e+01  -5.8871618e+01
  -4.1385974e+01  -4.7128313e+01  -5.0948367e+01  -5.1028339e+01  -5.1892889e+01  -5.4419574e+01  -5.5937299e+01  -5.5568085e+01
  -3.0336915e+01  -3.1991928e+01  -3.4282983e+01  -3.6122145e+01  -4.0944144e+01  -4.5068045e+01  -5.0651096e+01  -5.2371671e+01
  -2.8699836e+01  -3.3637580e+01  -4.3493701e+01  -4.8725411e+01  -5.0528429e+01  -5.2544220e+01  -5.1716640e+01  -5.3920464e+01
  -3.0080371e+01  -3.9719533e+01  -4.7283046e+01  -4.8283245e+01  -4.8804481e+01  -5.1552552e+01  -5.1977394e+01  -5.2729570e+01
  -3.3537978e+01  -4.2871836e+01  -4.8075516e+01  -4.9889037e+01  -5.1481699e+01  -5.3312102e+01  -5.4201980e+01  -5.4150615e+01
