   5.6476363e+00   6.8988609e+00   8.9231597e+00   6.2117309e+00   2.4645957e+00   2.2901733e+00  -5.2974098e-01   1.6912643e+00
   7.3392077e+00   7.7500047e+00   8.5267753e+00   4.7496471e+00   2.8113527e+00   3.4467075e+00  -2.3124945e-01   1.1052936e-01
   5.4780302e+00   4.5772486e+00   6.3375688e+00   4.8352807e+00   3.0780339e+00   3.7218891e+00   1.0645005e+00   2.1622074e+00
   7.4685009e+00   5.4322909e+00   8.1376747e+00   7.5868126e+00   6.5443259e+00   3.0268632e+00   1.4675667e+00   5.7334245e+00
   6.4460992e+00   5.2221647e+00   4.1157484e+00   3.9756083e+00   2.8939904e+00   4.2552878e+00   3.2833604e-01   5.2283625e-01
   4.1685328e+00   4.3509885e+00   8.9247115e+00   5.4820712e+00   6.1203950e+00   6.2618280e-02   4.0018861e-01   2.5760958e+00
   3.8119079e+00   6.1219367e+00   8.1845487e+00   5.8561608e+00   7.5741897e+00   4.7644688e-01   7.2241486e-01   2.9638636e+00
  -6.9440397e+00  -6.6542900e+00  -6.8321731e+00  -6.2926932e+00  -2.9201738e+00  -2.7830115e+00  -2.3163320e+00  -2.7286649e+00
  -7.5510776e+00  -6.6179540e+00  -6.7847568e+00  -7.1226312e+00  -3.3783269e+00  -3.3466403e+00  -1.7731445e+00  -1.2843640e+00
  -6.1808286e+00  -5.9929719e+00  -6.0269333e+00  -5.3192646e+00  -5.3350961e+00  -3.6926613e+00  -4.9385256e+00  -5.9689173e+00
  -4.6699434e+00  -6.2963086e+00  -5.7963888e+00  -5.3841442e+00  -5.1847164e+00  -4.6752472e+00  -4.4119332e+00  -5.0310196e+00
  -8.3779221e+00  -6.4006438e+00  -4.1136420e+00  -5.3076372e+00  -2.1058499e+00  -2.0502215e+00  -3.4436324e+00   1.1758700e+00
  -5.4325227e+00  -5.6753084e+00  -8.1925070e+00  -2.3698968e+00  -1.8698966e+00  -1.5553601e+00  -1.2901097e-01   1.3362030e+00
  -3.4951192e+00  -4.5321269e+00  -8.6744660e+00  -3.2503365e+00  -1.5356079e+00  -1.0648182e+00  -7.8796389e-01  -6.4283577e-01
   1.1230067e-01   1.2491267e-01   2.2980784e-01   5.8105347e-01   8.2372320e-01   5.4936606e-01   5.4685756e-01   5.8717061e-01
   7.6368296e-02   1.1942571e-01   2.8462092e-01   6.3206780e-01   8.5497248e-01   6.1283520e-01   7.5146529e-01   5.2360759e-01
   2.5423540e-01   4.4033252e-01   5.1839269e-01   6.4346017e-01   5.1523439e-01   2.5343804e-01   5.4828549e-01   6.4271316e-01
   2.4516318e-01   2.2335951e-01   3.6078882e-03   3.3271190e-02   4.9682072e-01   8.6779256e-01   1.2484097e+00   6.2072622e-01
   1.1334830e-01   1.9552154e-01   4.1243502e-01   4.2115328e-01   1.2261410e+00   1.5260330e+00   1.0571420e+00  -2.0174470e-03
  -7.8564699e-02   2.1858177e-01   4.6792556e-01   8.2473706e-01   8.6826513e-01   8.6521492e-01   9.8643112e-01   9.0522967e-01
  -6.8931551e-02   2.4128727e-01   3.4491807e-01   7.7631741e-01   9.8513947e-01   8.0166534e-01   9.6932685e-01   1.1681546e+00
   3.8664341e-02   3.8664341e-02   3.8664341e-02   3.8664341e-02   2.2492886e-01   3.8664341e-02   4.1119337e-01   5.9745789e-01
   3.8664341e-02   3.8664341e-02   3.8664341e-02   2.2492886e-01   4.1119337e-01   2.2492886e-01   5.9745789e-01   5.9745789e-01
   3.8664341e-02   3.8664341e-02   3.8664341e-02   2.2492886e-01   2.2492886e-01   3.8664341e-02   2.2492886e-01   2.2492886e-01
   2.2492886e-01   2.2492886e-01  -1.4760017e-01  -1.4760017e-01   2.2492886e-01   2.2492886e-01   4.1119337e-01   2.2492886e-01
   2.2492886e-01   2.2492886e-01  -1.4760017e-01  -1.4760017e-01   4.1119337e-01   1.3425159e+00   1.3425159e+00   2.2492886e-01
  -1.4760017e-01   3.8664341e-02  -1.4760017e-01   3.8664341e-02   5.9745789e-01   5.9745789e-01   5.9745789e-01   1.1562514e+00
  -1.4760017e-01   3.8664341e-02  -1.4760017e-01  -1.4760017e-01   4.1119337e-01   4.1119337e-01   4.1119337e-01   9.6998692e-01
  -3.3534468e+01  -3.6476160e+01  -3.9197605e+01  -4.3167852e+01  -4.6025172e+01  -4.6854155e+01  -4.7591390e+01  -4.7325767e+01
  -3.1482856e+01  -3.4938794e+01  -3.8134260e+01  -4.1834580e+01  -4.4230070e+01  -4.4921263e+01  -4.5583594e+01  -4.5293717e+01
  -2.8524144e+01  -3.1860206e+01  -3.4408567e+01  -3.7419704e+01  -3.9404855e+01  -4.0292803e+01  -4.0379379e+01  -3.9792977e+01
  -2.0081469e+01  -2.1578100e+01  -2.3838562e+01  -2.8174357e+01  -3.2467463e+01  -3.4975324e+01  -3.6294134e+01  -3.5724422e+01
  -1.7357223e+01  -2.4227190e+01  -3.3034808e+01  -3.5870491e+01  -3.6550658e+01  -3.7331314e+01  -3.8302228e+01  -3.7956481e+01
  -2.2722932e+01  -3.1136227e+01  -3.5004462e+01  -3.7333707e+01  -3.8759697e+01  -3.9298109e+01  -3.9568247e+01  -3.9571330e+01
  -2.6106441e+01  -3.3469561e+01  -3.7124150e+01  -3.9743420e+01  -4.1288680e+01  -4.1971383e+01  -4.2146041e+01  -4.2188925e+01
   4.3719200e+00   5.2491334e+00   4.8697732e+00   2.9782575e+00   5.8725036e-01   1.3681622e+00   1.2038062e+00   1.4131394e+00
   4.0634310e+00   4.8592844e+00   4.3074427e+00   2.8221947e+00  -1.4864128e-01   1.5271392e-01   5.1088307e-01   3.4154843e-01
   8.1709475e+00   6.4549926e+00   2.0893149e+00   7.8740332e-01  -5.4445699e-02   1.2159849e+00   1.6446555e+00   2.9935425e+00
   5.3186272e+00   7.8778931e+00   7.2073722e+00   4.9372771e+00   3.6944191e+00   3.9018648e+00   2.5303792e+00   2.0115599e+00
   6.4800467e+00   7.0585753e+00   4.5269134e+00   3.2802292e-01  -2.3177733e-01  -1.1641194e+00  -5.7428368e-01  -6.4107385e-03
   5.1321835e+00   5.7027646e+00   1.7029109e+00   1.3962954e+00  -1.1315849e+00   1.4420083e+00  -7.3754570e-01  -1.0689432e-01
   4.5493561e+00   4.8024492e+00   3.1530013e+00   2.5293712e+00  -9.7142998e-01   2.0249798e+00  -6.6317588e-01  -4.9742772e-01
  -4.9132450e+00  -4.6884786e+00  -4.7474141e+00  -4.4753349e+00  -3.6325362e+00  -2.0752313e+00  -1.3906447e+00  -3.0223744e-01
  -5.5254724e+00  -5.1528853e+00  -4.7083660e+00  -2.5827844e+00  -2.5197461e+00  -1.6692559e+00  -1.2385605e+00  -1.5676151e-01
  -4.8132038e+00  -3.2210281e+00  -4.1779506e+00  -2.6598015e+00  -1.4800902e+00  -2.3552782e+00  -2.4430633e+00  -3.1833587e+00
  -6.6625582e+00  -5.5389050e+00  -6.0897494e+00  -6.3775655e+00  -4.3128579e+00  -1.7663779e+00  -2.4059578e+00  -2.0631032e+00
  -6.8978825e+00  -5.9051414e+00  -2.8158752e+00   1.9308264e+00   1.1366767e+00   2.6783712e-01  -3.2296624e-01  -1.8219656e+00
  -5.4046015e+00  -2.6154128e+00  -1.5516201e+00  -2.8749310e+00  -7.0118057e-02  -5.7562333e-01  -5.5109139e-01   1.9002649e-01
  -5.6828177e+00  -3.7166967e+00  -1.1360242e+00  -3.0585762e+00  -1.1022904e+00  -7.5018454e-01   3.4826207e-01   9.9357249e-01
  -4.6114615e+01  -4.9250440e+01  -5.3362734e+01  -5.7003306e+01  -6.0097439e+01  -5.9829741e+01  -6.1162047e+01  -6.2735999e+01
  -4.4272671e+01  -4.7797605e+01  -5.2299607e+01  -5.5420181e+01  -5.9196257e+01  -5.9623993e+01  -5.9983305e+01  -6.0432975e+01
  -3.9933869e+01  -4.3312309e+01  -4.8278120e+01  -5.2286613e+01  -5.3697289e+01  -5.4312963e+01  -5.4878095e+01  -5.3623747e+01
  -3.4542241e+01  -3.4296290e+01  -3.6004518e+01  -4.0619232e+01  -4.6218743e+01  -4.6806497e+01  -5.0281091e+01  -5.2617188e+01
  -3.0783352e+01  -3.5891722e+01  -4.3955500e+01  -4.8987492e+01  -5.1183523e+01  -5.3799811e+01  -5.5699701e+01  -5.5231215e+01
  -3.2756048e+01  -4.1357090e+01  -4.8688168e+01  -5.1093136e+01  -5.4065945e+01  -5.3231701e+01  -5.4058476e+01  -5.5277333e+01
  -3.5816755e+01  -4.4821395e+01  -5.0326842e+01  -5.3139015e+01  -5.6712584e+01  -5.5662972e+01  -5.6321157e+01  -5.7482232e+01
  -4.5686658e+01  -4.9213048e+01  -5.2738363e+01  -5.7358301e+01  -5.9154351e+01  -6.0628975e+01  -6.1642117e+01  -6.1543073e+01
  -4.4258711e+01  -4.8023360e+01  -5.1801151e+01  -5.6723769e+01  -5.7579457e+01  -5.8755482e+01  -5.9444821e+01  -5.9710251e+01
  -4.1257021e+01  -4.5157142e+01  -4.7838276e+01  -5.1077922e+01  -5.3322196e+01  -5.3942633e+01  -5.3619982e+01  -5.3938837e+01
  -3.0877989e+01  -3.2954595e+01  -3.6638187e+01  -4.1128618e+01  -4.4649176e+01  -4.7921017e+01  -5.0524103e+01  -5.0354999e+01
  -3.0805578e+01  -3.5707750e+01  -4.4849121e+01  -5.1759421e+01  -5.1847959e+01  -5.2717733e+01  -5.4341920e+01  -5.2246885e+01
  -3.4704114e+01  -4.2683908e+01  -4.9495279e+01  -5.0965601e+01  -5.2981185e+01  -5.3281795e+01  -5.3996203e+01  -5.4050400e+01
  -3.7024960e+01  -4.4082894e+01  -5.1899317e+01  -5.3931815e+01  -5.5257396e+01  -5.5171721e+01  -5.6659912e+01  -5.7050140e+01
