   5.5787090e+00   7.4865177e+00   6.8680455e+00   3.7904108e+00   1.3020537e+00   3.5447926e+00   4.2136626e+00   3.0856719e+00
   4.7724940e+00   5.6974561e+00   6.0017318e+00   2.6188988e+00   3.7690136e-01   1.6460813e+00   3.7424810e+00   2.3671425e+00
   3.3583372e+00   3.8387047e+00   5.4463397e+00   2.3392905e+00   3.5620991e+00   7.8371948e+00   6.1724767e+00   5.1076064e+00
   3.1861273e+00   6.1122954e+00   6.2535335e+00   4.2191228e+00   3.5248919e+00   6.6020777e+00   5.5927619e+00   3.2716470e+00
   5.3442911e+00   3.8753784e+00   2.2186880e+00   2.0786692e+00   1.9564567e+00  -1.2441265e+00  -2.6236555e+00   5.5520047e-01
   2.0029223e+00   3.9273772e+00   7.9139438e+00   3.3249963e+00   3.5701097e+00   8.7286204e-01   1.4221076e+00   1.1914198e+00
   5.4026695e-01   4.7749352e+00   8.1073876e+00   3.2579238e+00   2.5453095e+00   2.8004208e+00   1.3734472e+00  -3.3021497e-02
  -4.7318991e+00  -6.3083790e+00  -8.0127490e+00  -5.4625375e+00  -7.8469492e-01  -1.2048989e+00  -3.9857603e+00  -3.3154166e+00
  -5.3242410e+00  -6.8144712e+00  -8.2403854e+00  -5.7139730e+00  -5.2814996e-01   1.1680594e-01  -3.4217557e+00  -3.9663613e+00
  -4.9240924e+00  -5.9091182e+00  -7.2012199e+00  -7.2618466e+00  -5.6135808e+00  -3.5820001e+00  -4.4286995e+00  -6.7181702e+00
  -6.6001761e+00  -2.7602105e+00  -8.6961601e+00  -6.4535211e+00  -4.0591530e+00  -4.3752638e+00  -4.4529239e+00  -3.4059957e+00
  -8.0906624e+00  -6.6219814e+00  -6.4268928e+00  -4.8843211e+00  -2.6323374e+00  -1.2281109e+00  -4.0319102e+00  -4.4244256e+00
  -5.1105915e+00  -3.6665613e+00  -3.3263970e+00  -5.4637080e+00  -3.9043904e+00  -3.0464734e+00  -3.3186975e+00  -3.9092192e+00
  -7.1197248e+00  -4.4269879e+00  -4.3569680e+00  -4.3733572e+00  -2.7029232e+00  -2.7529083e+00  -2.6612129e+00  -4.2452972e+00
   5.7464915e-02   1.0669112e-01   1.6867100e-01   3.4362718e-01   8.4558780e-01   8.4274880e-01   6.6396522e-01   2.3174627e-01
   1.0428960e-01   1.4534383e-01   1.6872219e-01   2.7855486e-01   6.1588188e-01   6.1302131e-01   7.2492275e-01   5.7175614e-01
   2.2736660e-01   2.8480637e-01   3.4574709e-01   5.8701040e-01   3.4386765e-01   1.5546385e-01   2.9816610e-01   1.8578572e-01
   2.9514573e-02   6.3230280e-02   1.7498851e-01   2.5181212e-01   2.4437684e-01   3.0621321e-01   5.1431290e-01   1.8665728e-01
   3.9380741e-02  -1.0104458e-01  -6.9803298e-02   8.0438755e-01   8.7421100e-01   3.4101928e-01   5.0237891e-01   1.0730668e+00
  -1.5598917e-01  -3.0175423e-02   3.7415544e-01   8.0368388e-01   1.2531378e+00   1.0852952e+00   1.4785402e+00   1.6474518e+00
  -1.6055934e-01   4.5801667e-02   4.0707900e-01   6.6106445e-01   1.0521444e+00   1.1890459e+00   6.7644442e-01   1.3375823e+00
   3.8664341e-02   3.8664341e-02   3.8664341e-02   3.8664341e-02   4.1119337e-01   5.9745789e-01   5.9745789e-01   4.1119337e-01
   3.8664341e-02   3.8664341e-02   3.8664341e-02   3.8664341e-02   2.2492886e-01   5.9745789e-01   5.9745789e-01   4.1119337e-01
   3.8664341e-02   3.8664341e-02   3.8664341e-02   4.1119337e-01   2.2492886e-01   3.8664341e-02   3.8664341e-02   3.8664341e-02
   3.8664341e-02   3.8664341e-02   2.2492886e-01   2.2492886e-01   2.2492886e-01   3.8664341e-02   3.8664341e-02   3.8664341e-02
   3.8664341e-02  -1.4760017e-01  -1.4760017e-01   5.9745789e-01   7.8372240e-01   2.2492886e-01   3.8664341e-02   4.1119337e-01
  -1.4760017e-01  -1.4760017e-01  -1.4760017e-01   2.2492886e-01   4.1119337e-01   7.8372240e-01   1.1562514e+00   1.3425159e+00
  -1.4760017e-01  -1.4760017e-01  -1.4760017e-01   3.8664341e-02   4.1119337e-01   7.8372240e-01   4.1119337e-01   7.8372240e-01
  -3.2882110e+01  -3.6543438e+01  -3.8257071e+01  -4.1182243e+01  -4.4627759e+01  -4.6091036e+01  -4.7042622e+01  -4.7330955e+01
  -3.1483433e+01  -3.5907508e+01  -3.7951793e+01  -4.0788308e+01  -4.3871870e+01  -4.4610940e+01  -4.4999897e+01  -4.5279519e+01
  -2.9503183e+01  -3.3392159e+01  -3.4993777e+01  -3.7386960e+01  -3.9521553e+01  -4.0571305e+01  -4.0150797e+01  -3.9637290e+01
  -2.0103836e+01  -2.1220596e+01  -2.2573440e+01  -2.5147895e+01  -2.9547028e+01  -3.2588211e+01  -3.5210778e+01  -3.6026318e+01
  -1.6965401e+01  -2.2581702e+01  -3.2411740e+01  -3.6654509e+01  -3.7053598e+01  -3.7484397e+01  -3.7242621e+01  -3.7529861e+01
  -2.0013318e+01  -2.7108298e+01  -3.4349050e+01  -3.6231737e+01  -3.7159680e+01  -3.7323817e+01  -3.7264979e+01  -3.7017335e+01
  -2.2904479e+01  -3.0162941e+01  -3.5602176e+01  -3.7515949e+01  -3.8760458e+01  -3.9475540e+01  -3.9464314e+01  -3.8821346e+01
   4.6332742e+00   6.7239070e+00   6.3193975e+00   5.6967227e+00   4.7906375e+00   1.6398326e+00   1.2652610e+00   8.0221044e-01
   3.6192820e+00   6.3836273e+00   4.9816939e+00   4.8794238e+00   4.4825243e+00   1.2810007e+00   5.8349053e-01   1.5864989e+00
   3.5014064e+00   6.7775215e+00   4.4631314e+00   4.3020887e+00   3.8099565e+00   5.4622370e-01   2.2145783e+00   3.2847282e+00
   6.8723952e+00   6.5939770e+00   6.3138672e+00   5.7417913e+00   4.8547285e+00   3.6756007e+00   3.4566184e+00   9.3219260e-01
   6.0435389e+00   7.7609582e+00   4.0251273e+00   2.5900176e+00   3.1160886e+00   9.4679926e-01  -1.3848805e+00  -2.8445550e+00
   5.6360313e+00   5.9408105e+00   2.6841739e+00   2.6162101e+00   1.9426034e+00   7.1635523e-01  -1.0732784e+00   2.9203918e-01
   5.3223164e+00   3.6282528e+00   2.8566316e+00   2.4892126e+00   7.7660953e-02   1.4658398e-01  -7.2994138e-01   1.1732617e+00
  -4.1622334e+00  -4.7070133e+00  -4.1917255e+00  -3.6966249e+00  -4.7322694e+00  -4.9200168e+00  -1.8194482e+00  -2.1879779e+00
  -2.9746512e+00  -3.8802590e+00  -2.8717890e+00  -2.0698965e+00  -3.1755550e+00  -3.4044232e+00  -1.7001783e+00  -1.6620629e+00
  -3.2347603e+00  -3.5367834e+00  -2.3184559e+00  -1.6008774e+00  -2.1215897e+00  -2.4163490e+00  -1.9810201e+00  -1.6002884e+00
  -4.9340071e+00  -6.0052540e+00  -5.2961519e+00  -6.4205028e+00  -5.9825855e+00  -4.1640620e+00  -1.2837118e+00  -1.9761414e+00
  -4.3992035e+00  -4.2104700e+00  -3.1704320e+00  -2.6598820e-01  -3.1155096e-01   1.2191859e+00   6.1953528e-01   3.9704585e-01
  -4.1493968e+00  -5.4217355e+00  -4.0755946e+00  -3.0666259e+00   8.8002771e-01   2.0003771e+00   2.4143503e+00   2.2195169e+00
  -3.4589473e+00  -5.6612929e+00  -3.7052455e+00  -3.5519890e+00  -3.4123381e-01   1.8422453e+00   7.9214124e-01   2.0886125e+00
  -4.4397925e+01  -4.9496408e+01  -5.1671569e+01  -5.3409209e+01  -5.7470825e+01  -6.0013441e+01  -6.2680175e+01  -6.2880741e+01
  -4.2800507e+01  -4.7812210e+01  -5.1055368e+01  -5.2561692e+01  -5.6002381e+01  -5.8216970e+01  -6.0675855e+01  -6.0673659e+01
  -4.1316409e+01  -4.5242407e+01  -4.8507145e+01  -5.0752858e+01  -5.2517185e+01  -5.5179371e+01  -5.4472000e+01  -5.4084622e+01
  -3.0906098e+01  -3.3169435e+01  -3.6441912e+01  -3.8507913e+01  -4.3407463e+01  -4.5274377e+01  -4.8134861e+01  -5.0245426e+01
  -2.8445826e+01  -3.1893228e+01  -4.1451874e+01  -4.8991496e+01  -5.1739796e+01  -5.1658041e+01  -5.1864363e+01  -5.3437339e+01
  -2.8657991e+01  -3.6738903e+01  -4.7010269e+01  -5.0153059e+01  -5.2280396e+01  -5.2250999e+01  -5.2982562e+01  -5.0970765e+01
  -3.1070865e+01  -4.0725843e+01  -4.8967612e+01  -5.0497606e+01  -5.2941679e+01  -5.5108292e+01  -5.5876684e+01  -5.1547372e+01
  -4.4157107e+01  -4.9678963e+01  -5.2214246e+01  -5.3508598e+01  -5.5029219e+01  -5.6632607e+01  -5.9031981e+01  -5.9510003e+01
  -4.2470903e+01  -4.8730796e+01  -5.1705971e+01  -5.3324672e+01  -5.5165819e+01  -5.5911648e+01  -5.7426487e+01  -5.8036949e+01
  -4.0381251e+01  -4.6537535e+01  -4.9021938e+01  -5.0660471e+01  -5.1913448e+01  -5.3335885e+01  -5.3895868e+01  -5.4917135e+01
  -3.2110459e+01  -3.2198642e+01  -3.6611791e+01  -3.7334121e+01  -4.0459963e+01  -4.4440072e+01  -4.7561288e+01  -4.8709407e+01
  -3.0140290e+01  -3.5264584e+01  -4.5464540e+01  -5.1398379e+01  -5.0283211e+01  -5.0304918e+01  -5.2126236e+01  -5.3732750e+01
  -3.2264606e+01  -3.8935272e+01  -4.8450337e+01  -5.0981776e+01  -5.1379549e+01  -5.0383531e+01  -5.2072832e+01  -5.2133927e+01
  -3.5656401e+01  -4.1867738e+01  -4.9358170e+01  -5.1421845e+01  -5.1981107e+01  -5.2716011e+01  -5.4923363e+01  -5.4032307e+01
