   9.8632425e+00   1.4194050e+01   1.1967929e+01   7.0611080e+00   7.7369569e+00   8.4303224e+00   6.9023885e+00   3.8905849e+00
   1.0494852e+01   1.2457605e+01   1.1805041e+01   6.7153516e+00   7.1574249e+00   7.7447317e+00   5.1245394e+00   2.8984672e+00
   1.1227429e+01   1.0558178e+01   9.2664483e+00   6.7006080e+00   1.0079865e+01   8.5749965e+00   6.4524586e+00   6.1762663e+00
   1.3370152e+01   1.7265491e+01   1.2970917e+01   8.3600974e+00   8.3897840e+00   8.8747672e+00   6.7527896e+00   9.5877074e+00
   1.2728875e+01   8.5868258e+00   8.5301569e+00   6.3185304e+00   3.4328503e+00   3.8068641e+00   2.6197648e+00  -7.5210898e-02
   9.4489792e+00   6.8010093e+00   9.0013820e+00   7.1222410e+00   3.7303943e+00   2.8804497e+00   8.0226653e-02   1.2653023e-01
   8.0804154e+00   7.2603796e+00   1.0402168e+01   7.1269140e+00   4.3640338e+00   3.2834701e+00  -6.2943688e-02  -2.6048036e-01
  -9.4212230e+00  -6.7545532e+00  -7.8482819e+00  -6.6506417e+00  -7.1874186e+00  -8.1864462e+00  -3.6699216e+00  -2.1196595e+00
  -8.4537813e+00  -5.3950264e+00  -6.1081684e+00  -5.6183709e+00  -5.9470570e+00  -7.9230908e+00  -1.5136816e+00   5.4318947e-01
  -8.2580236e+00  -1.0207298e+01  -8.1906664e+00  -5.9266795e+00  -7.2412154e+00  -9.8498279e+00  -8.6105103e+00  -6.7666215e+00
  -1.1905047e+01  -9.8952065e+00  -9.5866432e+00  -7.6140251e+00  -7.1291176e+00  -8.8303177e+00  -6.0020341e+00  -7.1239406e+00
  -1.0443646e+01  -9.4347495e+00  -4.8275914e+00  -6.9748256e+00  -4.7823695e+00  -3.4170661e+00  -1.6097963e+00   6.0014301e-01
  -6.7605197e+00  -4.5524522e+00  -6.8849658e+00  -5.6040836e+00  -4.5375893e+00  -6.7615822e+00  -4.8290880e+00  -1.5087416e+00
  -5.9341447e+00  -4.0568182e+00  -7.4969258e+00  -5.8556550e+00  -4.8390725e+00  -7.1462907e+00  -5.6893231e+00  -1.8456995e+00
   3.8766055e-02  -3.7229848e-02   6.9401945e-03   2.6063512e-02   1.1989475e-04   8.7899668e-03  -1.7523389e-01  -1.9331316e-02
  -1.2979842e-02  -6.7325279e-02  -4.7378636e-02  -5.2156098e-02  -3.4793321e-02  -7.6907545e-02  -1.0118827e-01   2.9717407e-01
  -2.1998577e-02   6.5953806e-02   5.1215049e-02  -2.9536461e-03  -2.1298058e-01  -3.5129096e-02  -1.0490178e-01   1.3221368e-01
  -1.1453571e-02  -1.2026311e-02  -2.2939297e-02   5.9316765e-03  -5.9097017e-02   2.3545685e-02   1.1628637e-01  -1.6067970e-01
   1.3412044e-01   9.4479978e-02  -3.5916851e-02  -1.5612263e-01  -3.8051775e-01  -3.5076379e-01   5.7277092e-02   1.4846746e-01
   3.1991824e-01   2.2855546e-01  -9.2716337e-03  -3.4653128e-02  -8.4570515e-02  -1.8654095e-01  -2.7135393e-01  -3.9299485e-01
   3.8179356e-01   2.9186052e-01   2.7221666e-02   9.3684697e-02   1.8720933e-01   2.1847569e-02  -2.5407829e-01   6.8497629e-02
   3.8664341e-02  -1.4760017e-01   3.8664341e-02   3.8664341e-02   3.8664341e-02   3.8664341e-02   3.8664341e-02   3.8664341e-02
  -1.4760017e-01  -1.4760017e-01  -1.4760017e-01   3.8664341e-02   3.8664341e-02   3.8664341e-02   3.8664341e-02   2.2492886e-01
   3.8664341e-02   3.8664341e-02   3.8664341e-02   3.8664341e-02  -1.4760017e-01   3.8664341e-02   3.8664341e-02   3.8664341e-02
   3.8664341e-02   3.8664341e-02   3.8664341e-02   3.8664341e-02   3.8664341e-02   3.8664341e-02   3.8664341e-02   3.8664341e-02
   3.8664341e-02   3.8664341e-02   3.8664341e-02   3.8664341e-02  -1.4760017e-01  -1.4760017e-01   4.1119337e-01   2.2492886e-01
   2.2492886e-01   2.2492886e-01  -1.4760017e-01   3.8664341e-02   3.8664341e-02   3.8664341e-02   3.8664341e-02   3.8664341e-02
   4.1119337e-01   2.2492886e-01  -1.4760017e-01   3.8664341e-02   3.8664341e-02   3.8664341e-02   3.8664341e-02   4.1119337e-01
  -3.0199051e+01  -3.4888661e+01  -3.7820868e+01  -4.1132702e+01  -4.5756368e+01  -4.8179076e+01  -5.1081562e+01  -5.1567708e+01
  -2.8853237e+01  -3.3878432e+01  -3.7631838e+01  -4.0911209e+01  -4.5337299e+01  -4.7466369e+01  -4.9655968e+01  -4.9805123e+01
  -2.5183937e+01  -3.1934954e+01  -3.7281084e+01  -4.0274198e+01  -4.2021985e+01  -4.2835351e+01  -4.3542017e+01  -4.3750349e+01
  -1.6816864e+01  -1.8342227e+01  -2.0108463e+01  -2.3884658e+01  -2.9376013e+01  -3.2282604e+01  -3.6173777e+01  -3.7571406e+01
  -1.3802717e+01  -2.0859665e+01  -3.1466799e+01  -3.7237638e+01  -3.9800256e+01  -4.0224451e+01  -4.0414603e+01  -4.0413766e+01
  -1.4671951e+01  -2.5010874e+01  -3.3396823e+01  -3.6375415e+01  -3.9280178e+01  -4.0007376e+01  -4.0313775e+01  -4.0587601e+01
  -1.7186157e+01  -2.7598644e+01  -3.4268018e+01  -3.7415933e+01  -4.0788567e+01  -4.1753661e+01  -4.2165385e+01  -4.2465864e+01
   5.0910592e+00   4.5819732e+00   7.1452942e+00   6.7208754e+00   5.4681480e+00   3.1027870e+00   1.1754553e+00   1.3415049e+00
   4.7051864e+00   4.5701582e+00   6.9256795e+00   5.9654509e+00   4.6558483e+00   2.0921635e+00   6.6479679e-01  -7.9749348e-02
   5.7884173e+00   5.2421536e+00   3.7066058e+00   3.6040058e+00   3.5879756e+00   2.3509873e+00   2.1299976e+00  -3.0969917e-01
   6.5850940e+00   5.7746228e+00   8.2486162e+00   7.4397433e+00   5.6476768e+00   5.6744936e+00   3.8026182e+00   6.2867136e-02
   5.0309125e+00   5.9813400e+00   5.4797565e+00   4.8704478e+00   2.1233088e+00   4.4395600e-01   4.7611933e-01  -2.1449291e-01
   6.2441334e+00   5.4084326e+00   5.0309621e+00   4.6606207e+00   2.1581482e+00   1.8560667e+00   4.7766832e-01  -6.5862933e-01
   6.9803062e+00   5.2376679e+00   5.6848341e+00   5.2843497e+00   1.7445948e+00   1.7478182e+00   7.2419718e-01  -7.0662854e-01
  -5.8914591e+00  -8.8889821e+00  -8.4819113e+00  -6.9607858e+00  -3.7058144e+00  -4.0239403e+00  -4.1797159e+00  -2.0718309e+00
  -5.5099206e+00  -7.8739730e+00  -8.5747640e+00  -7.0433628e+00  -3.4391148e+00  -3.3950976e+00  -3.0373739e+00  -2.3894373e+00
  -7.0734218e+00  -5.2933645e+00  -4.8242016e+00  -5.3101064e+00  -3.4997626e+00  -1.0883844e+00  -1.9079408e-01   2.2403739e-01
  -7.1125860e+00  -9.2432799e+00  -9.7735829e+00  -7.4157608e+00  -5.6666402e+00  -5.1416955e+00  -4.2855861e+00  -2.6279124e+00
  -8.6377925e+00  -6.4844680e+00  -6.2852742e+00  -3.7529553e+00  -2.3767029e+00  -9.6661731e-01  -6.2867137e-01  -8.4217040e-01
  -9.1806791e+00  -7.2628663e+00  -3.7909374e+00  -4.5160713e+00  -1.6815816e+00   7.3253586e-01   5.5682180e-02   5.5034777e-01
  -9.3128078e+00  -7.2112833e+00  -5.6168669e+00  -5.0437104e+00  -1.6263868e+00   1.2986880e+00   7.1282028e-01   8.2149585e-01
  -4.5118788e+01  -5.1519087e+01  -5.3381928e+01  -5.3884729e+01  -6.0030688e+01  -6.3496412e+01  -6.6633456e+01  -6.7317771e+01
  -4.3491916e+01  -4.9296001e+01  -5.2517316e+01  -5.3483893e+01  -5.9361241e+01  -6.2547051e+01  -6.5180670e+01  -6.5707601e+01
  -4.0065809e+01  -4.7108992e+01  -5.2133872e+01  -5.4530407e+01  -5.7827323e+01  -5.9165544e+01  -5.9762880e+01  -6.0945678e+01
  -3.4891521e+01  -3.8123206e+01  -3.7001463e+01  -3.7347464e+01  -4.3535061e+01  -4.7146366e+01  -5.0444113e+01  -5.3878582e+01
  -3.2248351e+01  -3.5205784e+01  -4.3943042e+01  -5.0044899e+01  -5.3336544e+01  -5.5934275e+01  -5.7115208e+01  -5.4645154e+01
  -3.1710413e+01  -3.9176443e+01  -4.8441665e+01  -5.0237192e+01  -5.3124545e+01  -5.4219506e+01  -5.5035773e+01  -5.5159734e+01
  -3.3777389e+01  -4.2808397e+01  -4.9566799e+01  -5.0866076e+01  -5.4760413e+01  -5.6194153e+01  -5.6598397e+01  -5.7298088e+01
  -4.4341170e+01  -4.9293140e+01  -5.2052171e+01  -5.3693725e+01  -6.0171641e+01  -6.2832915e+01  -6.4759163e+01  -6.6582985e+01
  -4.2730518e+01  -4.7417479e+01  -5.0866901e+01  -5.3148580e+01  -5.9619514e+01  -6.2520362e+01  -6.3415937e+01  -6.4139856e+01
  -3.9772694e+01  -4.6971411e+01  -5.2128984e+01  -5.4116657e+01  -5.8110606e+01  -5.9767279e+01  -5.9334091e+01  -5.9410580e+01
  -3.4816490e+01  -3.5355345e+01  -3.6446778e+01  -3.7499298e+01  -4.3797368e+01  -4.7499262e+01  -5.0150936e+01  -5.4361722e+01
  -2.8967741e+01  -3.4778775e+01  -4.3458712e+01  -5.1059682e+01  -5.4837012e+01  -5.5503669e+01  -5.5716676e+01  -5.5454214e+01
  -2.5929827e+01  -3.5531459e+01  -4.7842448e+01  -4.9129904e+01  -5.3100473e+01  -5.6604309e+01  -5.6545250e+01  -5.5713035e+01
  -2.7612145e+01  -3.7627777e+01  -4.8797032e+01  -5.0304384e+01  -5.4532012e+01  -5.8566055e+01  -5.8984671e+01  -5.7713132e+01
