   4.5609785e+00   5.7862548e+00   5.4906956e+00   6.0251695e+00   5.8657839e+00   3.1405620e+00   2.3129238e+00   1.4281214e+00
   3.8273768e+00   5.4816404e+00   5.7055083e+00   4.7572463e+00   4.4442207e+00   2.6100825e+00   1.9426665e+00   5.9882965e-02
   3.9100044e+00   2.5000149e+00   3.7309053e+00   1.7116991e+00  -1.8306329e-02   3.1649153e+00   4.9001303e+00   1.8065487e-01
   7.5850902e+00   5.5177246e+00   4.8856431e+00   5.1733037e+00   5.1357535e+00   4.0512300e+00   2.9392728e+00  -1.0524347e+00
   3.6122546e+00   5.1759731e+00   5.7121590e+00   4.2147971e+00   3.7033899e+00   2.6363363e+00   2.2890162e+00  -1.9555298e-01
   4.0894229e+00   2.6870299e+00   3.6301505e+00   1.7443485e+00   2.5433199e-01   3.4662904e+00   5.0443847e+00   2.1336613e-01
   5.0404632e+00   3.8188327e+00   3.9196998e+00   2.5084511e+00   1.9290212e+00   4.4310212e+00   5.1988451e+00  -7.2179013e-03
  -6.8898497e+00  -6.7534099e+00  -6.4670626e+00  -3.5493790e+00  -4.8795578e+00  -2.7883112e+00  -3.1840387e-01  -8.8159406e-01
  -6.5314990e+00  -6.8520608e+00  -6.8794520e+00  -2.6975618e+00  -1.7475670e+00  -2.1298194e-01   6.9982917e-01  -5.3536394e-01
  -6.5202877e+00  -4.4362642e+00  -5.3799229e+00  -1.7771467e+00  -4.0994071e-01   2.6237454e-01   2.4459631e+00   7.6536512e-01
  -1.0408859e+01  -8.1535721e+00  -7.1647826e+00  -3.8354065e+00  -6.1003153e+00  -6.7128570e+00  -2.9937437e+00  -2.3817085e+00
  -6.5199719e+00  -6.7777889e+00  -6.6769403e+00  -2.5074935e+00  -1.1150356e+00   1.2546842e-01   8.9406365e-01  -3.5887903e-01
  -6.7644563e+00  -4.7116372e+00  -5.7591167e+00  -2.0031776e+00  -6.1606419e-01   1.3696231e-01   2.6299762e+00   8.1728870e-01
  -8.0423408e+00  -6.4023322e+00  -7.2079937e+00  -2.9412887e+00  -2.4158789e+00  -1.3514078e+00   2.6115478e+00   6.1047657e-01
  -2.8582185e-02  -4.0597767e-02  -1.2745057e-02  -1.0950531e-01   1.8629251e-01   2.1946925e-01   2.4896545e-01   4.1266420e-01
  -6.3019183e-02  -1.5435814e-01  -2.2663359e-01  -5.1247995e-02   2.5950810e-01   3.7010866e-01   9.0569108e-02   4.2793146e-01
  -1.7840828e-01  -1.4301998e-01   9.3959065e-02   5.2764385e-01   6.1935603e-01   4.6982483e-01  -5.7422939e-02   2.4525358e-01
  -4.6963048e-02  -7.9261883e-02  -7.0458635e-03  -1.4458575e-01  -1.8521347e-01   5.4427424e-02  -3.5062473e-02   2.2844730e-01
  -8.8188638e-02  -1.8418527e-01  -3.0957475e-01  -5.2914644e-02   3.2781403e-01   4.5149357e-01   8.6455525e-02   4.0625266e-01
  -1.7080610e-01  -1.4060011e-01   1.4752766e-01   5.5597583e-01   5.6219794e-01   4.4382726e-01  -4.7152199e-02   2.3007016e-01
  -1.3221043e-01  -1.5544228e-01   1.6057825e-01   4.0263047e-01   1.9122219e-01   3.5661833e-01   1.1133180e-01   2.4435941e-01
   2.0711422e-02   2.0711422e-02   2.0711422e-02   2.0711422e-02   2.0711422e-02   2.0697594e-01   2.0697594e-01   3.9324045e-01
   2.0711422e-02   2.0711422e-02   2.0711422e-02   2.0711422e-02   2.0711422e-02   5.7950497e-01   3.9324045e-01   5.7950497e-01
  -1.6555309e-01  -1.6555309e-01   2.0711422e-02   3.9324045e-01   2.0697594e-01   2.0697594e-01  -5.3808212e-01  -7.2434664e-01
   2.0711422e-02   2.0711422e-02   2.0711422e-02   2.0711422e-02   2.0711422e-02   2.0711422e-02  -1.6555309e-01  -1.6555309e-01
   2.0711422e-02   2.0711422e-02   2.0711422e-02   2.0711422e-02   2.0711422e-02   7.6576948e-01   3.9324045e-01   3.9324045e-01
  -1.6555309e-01  -1.6555309e-01   2.0711422e-02   3.9324045e-01   2.0697594e-01   2.0697594e-01  -7.2434664e-01  -7.2434664e-01
  -1.6555309e-01  -1.6555309e-01   2.0711422e-02   2.0697594e-01  -1.6555309e-01  -1.6555309e-01  -5.3808212e-01  -7.2434664e-01
  -4.3812665e+01  -4.8367822e+01  -5.0708958e+01  -5.2179110e+01  -5.3042175e+01  -5.3806019e+01  -5.3904291e+01  -5.3450619e+01
  -4.3921365e+01  -4.9500332e+01  -5.1907304e+01  -5.3089505e+01  -5.3717156e+01  -5.3974130e+01  -5.3872159e+01  -5.3562213e+01
  -3.7131196e+01  -4.4533964e+01  -4.7011146e+01  -4.7714012e+01  -4.8046802e+01  -4.8304320e+01  -4.8351181e+01  -4.7810727e+01
  -3.7602956e+01  -4.1883491e+01  -4.4938927e+01  -4.7303543e+01  -4.8534729e+01  -5.0012589e+01  -5.1057534e+01  -5.1027945e+01
  -4.3564064e+01  -4.9397742e+01  -5.1705379e+01  -5.2774071e+01  -5.3346993e+01  -5.3549763e+01  -5.3420488e+01  -5.3143667e+01
  -3.6683309e+01  -4.3958983e+01  -4.6647368e+01  -4.7471390e+01  -4.7815916e+01  -4.8114499e+01  -4.8187634e+01  -4.7629519e+01
  -3.5534580e+01  -4.1965913e+01  -4.5305616e+01  -4.6877178e+01  -4.7359387e+01  -4.7927560e+01  -4.8216178e+01  -4.7704486e+01
   8.2452526e+00   4.0330469e+00   2.3269707e+00   1.7467299e+00   1.9939895e+00   2.2474630e+00   6.2341051e-01  -2.3275842e-01
   7.6252202e+00   3.0812414e+00   7.0115207e-01  -5.8504442e-01  -4.4183908e-02   7.8409860e-01  -1.7633713e-01  -7.5671288e-02
   7.4924401e+00   3.6743918e+00   1.5404935e+00  -3.9054558e-01   1.3649891e-01  -1.3820354e+00  -1.1392573e+00   8.0830551e-01
   5.8637985e+00   4.4501307e+00   4.3106615e+00   3.2204889e+00   4.1057129e+00   4.4386834e+00  -1.0293022e-01  -1.3873750e+00
   7.7048823e+00   3.1092569e+00   4.5726429e-01  -1.0487178e+00  -3.1601899e-01   1.9570817e-01  -8.1996386e-01  -3.6721809e-02
   7.3445706e+00   3.7188809e+00   1.9755023e+00  -1.6132969e-01   3.3982603e-01  -1.2662472e+00  -1.0905082e+00   7.8166400e-01
   6.7450112e+00   3.9341189e+00   3.4686996e+00   8.2212578e-01   1.3507497e+00  -9.8459755e-02  -9.3561658e-01   4.0515196e-01
  -6.5988745e+00  -5.4848220e+00  -4.3889918e+00  -3.1189829e+00  -1.4426250e+00  -1.8827238e+00  -2.1676176e+00  -1.5157364e+00
  -6.1381519e+00  -4.2102911e+00  -2.5274931e+00  -1.6171836e+00  -1.1208265e+00  -1.7880618e+00  -2.4148203e+00  -2.3653076e+00
  -6.8327597e+00  -5.0343806e+00  -1.8060718e+00  -9.2751492e-01   4.0417720e-01  -6.3541648e-01  -1.2169950e+00  -2.3826024e-01
  -6.7083244e+00  -9.2377399e+00  -7.2072381e+00  -5.3752474e+00  -3.1526441e+00  -1.9715808e-01  -1.0577412e-01  -2.3291598e-01
  -6.0542531e+00  -4.1115770e+00  -2.4030650e+00  -1.2610668e+00  -8.2599297e-01  -1.5576104e+00  -2.3222806e+00  -2.4781038e+00
  -6.8238758e+00  -5.0757671e+00  -1.8287871e+00  -1.1157821e+00   3.8446217e-01  -6.9472057e-01  -1.1131561e+00   5.9898362e-02
  -6.6534439e+00  -5.6311621e+00  -2.9310708e+00  -2.7307755e+00  -4.4519156e-01  -8.6005739e-01  -6.9228627e-01   8.0691933e-01
  -5.9244312e+01  -6.3991778e+01  -6.7687940e+01  -6.8151971e+01  -7.0296254e+01  -7.0571552e+01  -7.0523173e+01  -6.9512883e+01
  -5.8520272e+01  -6.5190702e+01  -6.8297771e+01  -6.7890953e+01  -6.9522543e+01  -7.0150184e+01  -7.1030046e+01  -6.9633818e+01
  -5.1058046e+01  -5.7952681e+01  -6.2970503e+01  -6.2478034e+01  -6.3197639e+01  -6.4088204e+01  -6.4924652e+01  -6.3577184e+01
  -5.4961590e+01  -5.7120128e+01  -6.0352578e+01  -6.2567324e+01  -6.5073948e+01  -6.7013786e+01  -6.6316118e+01  -6.4685290e+01
  -5.8003579e+01  -6.5136027e+01  -6.7927814e+01  -6.7305619e+01  -6.8873287e+01  -6.9670246e+01  -7.0651180e+01  -6.9226809e+01
  -5.0736157e+01  -5.7328990e+01  -6.2526659e+01  -6.2219781e+01  -6.2988658e+01  -6.3957272e+01  -6.4649805e+01  -6.3248567e+01
  -5.0389149e+01  -5.5767389e+01  -6.0803166e+01  -6.1361439e+01  -6.2688362e+01  -6.4221875e+01  -6.4320196e+01  -6.2553053e+01
  -6.1513583e+01  -6.5920918e+01  -6.7379008e+01  -6.8170558e+01  -6.8694318e+01  -6.8817499e+01  -7.0004096e+01  -7.0765840e+01
  -6.1156898e+01  -6.6295685e+01  -6.8369344e+01  -6.8448818e+01  -6.8646650e+01  -6.8500382e+01  -6.9680055e+01  -7.0925813e+01
  -5.4678139e+01  -6.0611342e+01  -6.3320277e+01  -6.2866101e+01  -6.2359189e+01  -6.2677619e+01  -6.3535823e+01  -6.3577917e+01
  -5.8132007e+01  -6.2496354e+01  -6.2837588e+01  -6.3583840e+01  -6.5313418e+01  -6.5542847e+01  -6.6005548e+01  -6.7116226e+01
  -6.0789437e+01  -6.5980950e+01  -6.8046465e+01  -6.7963187e+01  -6.8025206e+01  -6.7920389e+01  -6.9171615e+01  -7.0495534e+01
  -5.4328018e+01  -6.0284608e+01  -6.3071187e+01  -6.2669107e+01  -6.2183604e+01  -6.2629659e+01  -6.3273139e+01  -6.3246169e+01
  -5.3832139e+01  -5.9890691e+01  -6.2415876e+01  -6.2518466e+01  -6.2475244e+01  -6.3262653e+01  -6.3052721e+01  -6.3006688e+01
