   6.4183410e+00   3.9353628e+00   1.8346994e+00   3.7096146e-01  -1.4170907e+00   4.5435590e+00  -9.8766253e-02  -1.5285883e+00
   5.0887152e+00   2.7061373e+00   2.2717816e+00  -4.1915365e-01  -1.7320033e+00   3.3196830e+00  -1.5583348e+00  -2.6297767e+00
   7.5299719e+00   5.8713960e+00   9.5385917e+00   6.4748389e+00   3.9896733e+00   5.2757497e+00   1.5144438e-01  -4.0216983e+00
   1.4816284e+01   8.9937587e+00   8.0253726e+00   8.9754740e+00   2.4848681e+00   2.3288720e+00   9.9067983e-01  -1.1302095e+00
   7.7128558e+00   5.1104104e+00   8.2295147e-01   5.5366286e+00   2.6490031e+00   2.9891449e+00  -1.4460724e+00  -2.9417151e+00
   6.6143580e+00   2.2030495e+00   2.8502983e+00   2.6778196e+00   6.6960245e-01   5.2210972e-01  -1.9627990e+00  -3.5370283e+00
   7.5302497e+00   1.4238040e+00   3.6774277e+00   3.3360802e+00   5.4861872e-01   7.8346768e-01  -1.4527576e+00  -2.8223275e+00
  -7.6848149e+00  -9.2270934e+00  -7.9864105e+00  -7.5628588e+00  -2.2653009e+00   1.0748422e-01   3.7610630e+00  -1.3569075e+00
  -7.4802088e+00  -8.9515864e+00  -7.5564088e+00  -7.2614099e+00  -2.0062150e+00   1.1361250e+00   4.3963877e+00  -1.2197657e+00
  -1.3423932e+01  -1.3621570e+01  -1.1658450e+01  -4.5189573e+00  -9.2897863e-01  -1.2358905e+00  -5.0041957e-02  -1.9400232e+00
  -1.4858464e+01  -1.3951505e+01  -1.5855408e+01  -9.7803264e+00  -1.9673306e+00  -3.9515605e+00  -4.8979437e+00  -2.2370943e+00
  -7.6768642e+00  -9.2022536e+00  -8.6261176e+00  -8.2188140e+00  -4.1388326e-01  -2.9812714e+00  -2.9216843e+00   2.6012444e+00
  -6.2645943e+00  -4.6063840e+00  -3.0886986e+00  -2.5458966e+00  -1.4247027e+00  -1.0707144e-01  -6.7822415e-02   1.1043733e+00
  -6.6798216e+00  -4.8041601e+00  -3.6778903e+00  -2.1674446e+00  -3.1042666e-01   5.6816954e-01   8.0118772e-01   6.5975160e-01
   9.8878571e-01   9.0681981e-01   1.6907562e+00   3.6499779e+00   5.3071333e+00   4.1456611e+00   4.3875155e+00   5.1517461e+00
   1.2473248e+00   9.7963642e-01   1.6982969e+00   3.7599174e+00   5.2989288e+00   4.1592052e+00   4.5229243e+00   5.2624206e+00
   7.9406497e-01   5.3070514e-01   6.5115103e-01   1.6163940e+00   2.8105524e+00   2.3213096e+00   2.5950442e+00   2.4461441e+00
   1.5495726e-01   2.3377932e-01   1.6971720e-01   3.2559316e-01   1.4776553e+00   1.7067317e+00   1.0986119e+00   5.4066824e-01
   2.0952539e-01   2.3602657e-01  -3.4043033e-01  -9.1294060e-01  -1.7854024e-02  -2.2239941e-01  -5.0468302e-01  -5.1454003e-01
   5.4083198e-01   1.3272990e+00   1.2836483e+00   1.0669308e+00   1.1941308e+00   5.0832829e-01   6.3409739e-01   4.5232065e-01
   4.6825608e-01   1.3050009e+00   1.3784029e+00   8.5541777e-01   6.2590537e-01   3.6882244e-01   4.6418096e-01   5.8769200e-01
   2.4288177e-01   2.4288177e-01   4.2914629e-01   4.3407011e+00   8.0659914e+00   4.5269656e+00   7.8797269e+00   8.4385204e+00
   2.4288177e-01   2.4288177e-01   4.2914629e-01   5.2720237e+00   8.0659914e+00   4.5269656e+00   7.8797269e+00   8.4385204e+00
   5.6617260e-02   2.4288177e-01   5.6617260e-02   2.4288177e-01   1.5467334e+00   2.4780560e+00   3.0368495e+00   2.4780560e+00
   5.6617260e-02   2.4288177e-01   5.6617260e-02   5.6617260e-02   5.6617260e-02   2.4288177e-01   8.0167532e-01   2.4288177e-01
   2.4288177e-01   2.4288177e-01   5.6617260e-02  -3.1591177e-01  -8.7470531e-01  -8.7470531e-01  -8.7470531e-01  -1.6197634e+00
   4.2914629e-01   4.2914629e-01   4.2914629e-01   6.1541080e-01   8.0167532e-01  -1.2964725e-01   9.8793983e-01  -1.2964725e-01
   2.4288177e-01   4.2914629e-01   2.4288177e-01   2.4288177e-01   2.4288177e-01  -1.2964725e-01   4.2914629e-01   5.6617260e-02
  -3.9686633e+01  -4.1852004e+01  -4.3101590e+01  -4.3775938e+01  -4.3945749e+01  -4.4484127e+01  -4.4348707e+01  -4.4474580e+01
  -3.8929738e+01  -4.0741511e+01  -4.1535426e+01  -4.2077341e+01  -4.2125409e+01  -4.2628049e+01  -4.2417327e+01  -4.2457642e+01
  -3.3507480e+01  -3.4525977e+01  -3.5710249e+01  -3.7605070e+01  -3.9020131e+01  -3.9726373e+01  -3.9454078e+01  -3.9111628e+01
  -2.2911467e+01  -2.5361812e+01  -2.8618460e+01  -3.1902840e+01  -3.4669293e+01  -3.5801890e+01  -3.6066727e+01  -3.6423595e+01
  -2.6358885e+01  -2.9622765e+01  -3.2795645e+01  -3.4455132e+01  -3.5342225e+01  -3.5866883e+01  -3.6065892e+01  -3.5750381e+01
  -2.9584626e+01  -3.6111786e+01  -3.7300234e+01  -3.7227083e+01  -3.7804327e+01  -3.7842948e+01  -3.7146621e+01  -3.7498808e+01
  -3.1224787e+01  -3.8201533e+01  -3.9305321e+01  -3.9397838e+01  -4.0038912e+01  -4.0017340e+01  -3.9409617e+01  -3.9614630e+01
   4.5894412e+00   5.9103258e+00   4.0953408e+00  -9.6144800e-01  -3.4351503e+00  -2.7151074e+00   2.6502944e+00   1.8843447e+00
   4.9505380e+00   5.8646836e+00   4.7015958e+00  -9.1682882e-01  -3.7978240e+00  -2.9161266e+00   1.9641909e+00   2.0761358e+00
   6.9528163e+00   6.1081812e+00   5.5972617e+00   2.6314486e+00  -4.0625381e-01   2.5097739e-01   1.8918186e+00   3.0781161e+00
   8.0238375e+00   8.4953356e+00   7.1946026e+00   5.7078484e+00   1.3213024e+00   2.1723187e+00   4.1566706e+00   2.1719862e+00
   5.8681813e+00   5.3561234e+00   4.5871088e+00   5.4978312e+00   5.3144785e+00   3.8308443e+00   2.9398085e+00  -2.0971844e+00
   4.1353591e+00   3.4666433e+00   8.5571454e-01   2.6162723e+00   3.5875480e+00   1.3423589e+00   2.5884677e+00   5.1872246e-01
   3.8099206e+00   3.7788069e+00   7.5779883e-01   2.0777535e+00   2.1290111e+00  -4.0812058e-01   1.1624011e+00  -2.0739990e-01
  -3.8501960e+00  -1.0312346e+00   4.8598524e-01   2.2386539e+00   6.8427781e-01   8.7905213e-01  -2.1267638e+00  -3.7613804e+00
  -1.9747195e+00   6.5077406e-01   1.1640124e+00   2.7698254e+00   7.6049396e-01   6.9115047e-01  -2.3213470e+00  -4.0491832e+00
  -5.2699709e-01   6.6483952e-01   2.2333263e-01  -2.1314877e+00  -1.7793144e+00  -6.7109466e-01  -3.6608711e-01  -4.7988224e-01
  -1.0818576e+01  -9.2344447e+00  -1.9636913e+00  -2.4904331e+00  -2.1015969e+00  -1.4100631e+00   4.1564250e-01   2.2934141e-02
  -9.7024459e+00  -8.9136786e+00  -4.0452298e+00   8.4787589e-01   2.0688417e+00   1.8431678e+00   6.7619780e-01   5.5949801e-01
  -8.5845352e+00  -4.1043519e+00  -1.1170159e+00  -1.0109095e+00   6.1986643e-02   9.4400630e-01  -4.5655072e-01  -1.1248345e-01
  -8.5179708e+00  -3.4784741e+00  -4.2313775e-02  -5.9529853e-01  -4.8137825e-01   1.2415017e+00  -3.7288306e-01   5.6958196e-02
  -5.2450449e+01  -5.5639969e+01  -5.7586541e+01  -5.8558276e+01  -6.0621965e+01  -6.2920029e+01  -6.1947654e+01  -6.0700915e+01
  -5.1353715e+01  -5.4099025e+01  -5.5972550e+01  -5.6778508e+01  -5.8921815e+01  -6.1275465e+01  -5.9904386e+01  -5.8209387e+01
  -4.9156099e+01  -5.1542562e+01  -5.2590896e+01  -5.2179755e+01  -5.4307792e+01  -5.6145539e+01  -5.5149024e+01  -5.1813478e+01
  -4.2465364e+01  -4.4275452e+01  -4.6228376e+01  -4.6060908e+01  -4.7991905e+01  -4.8580773e+01  -5.1026553e+01  -5.0622224e+01
  -3.9125753e+01  -4.4067352e+01  -4.8155089e+01  -4.9377252e+01  -4.9729688e+01  -5.0156653e+01  -5.0659029e+01  -5.0038444e+01
  -4.1538826e+01  -4.8987421e+01  -5.2123496e+01  -5.1980116e+01  -5.3087302e+01  -5.2602557e+01  -5.2928061e+01  -5.2520702e+01
  -4.4008693e+01  -5.0993735e+01  -5.3779222e+01  -5.4022750e+01  -5.5573227e+01  -5.5203732e+01  -5.5103099e+01  -5.4816271e+01
  -5.2582173e+01  -5.7256341e+01  -6.0077160e+01  -6.3062999e+01  -6.3126056e+01  -6.0809681e+01  -5.8997345e+01  -5.9827802e+01
  -5.2546818e+01  -5.6643989e+01  -5.8925996e+01  -6.1744224e+01  -6.0929447e+01  -5.8516000e+01  -5.6546096e+01  -5.7690431e+01
  -5.1476018e+01  -5.2696936e+01  -5.4411152e+01  -5.3900010e+01  -5.4523952e+01  -5.4966398e+01  -5.4321457e+01  -5.6048881e+01
  -4.0176716e+01  -4.1694868e+01  -4.7658210e+01  -4.8757020e+01  -5.1470137e+01  -5.2555618e+01  -5.3808254e+01  -5.4028389e+01
  -3.7476992e+01  -4.2373292e+01  -4.9051020e+01  -5.1887531e+01  -5.3906264e+01  -5.3909568e+01  -5.2451339e+01  -5.1476046e+01
  -3.9681766e+01  -4.8686424e+01  -5.3170201e+01  -5.3583074e+01  -5.5292508e+01  -5.5502885e+01  -5.3630752e+01  -5.4097185e+01
  -4.1554458e+01  -5.1044780e+01  -5.5661816e+01  -5.5700107e+01  -5.6717142e+01  -5.7074733e+01  -5.5381838e+01  -5.6208153e+01
