   9.9158870e+00   8.3431192e+00   8.8363173e+00   8.1255307e+00   3.8841183e+00   2.7121024e+00   3.5770973e+00   2.3376991e+00
   8.8174724e+00   8.3717831e+00   8.9199798e+00   6.9218799e+00   6.1204075e+00   4.5727160e+00   2.7159199e+00   3.8865360e-01
   5.6455837e+00   7.7709786e+00   1.0009844e+01   1.0068053e+01   6.6351154e+00   3.8572755e+00   7.1321243e+00   1.0425883e+01
   1.0598990e+01   1.0167846e+01   7.5669688e+00   9.0637010e+00   8.1022260e+00   3.8002222e+00   6.0115087e+00   1.2204281e+01
   1.1197316e+01   7.3268345e+00   7.1450979e+00   1.0156663e+01   7.4421775e+00   5.4606395e+00   3.2209297e+00   3.5441344e-01
   8.1834066e+00   5.9938792e+00   6.1405455e+00   7.4984884e+00   6.6535107e+00   4.4316269e+00   3.3068682e+00  -3.2480053e-01
   7.1405955e+00   6.2853145e+00   6.2035831e+00   6.5754136e+00   7.3316923e+00   4.5120633e+00   2.5545303e+00  -2.8400921e-01
  -1.0602838e+01  -1.0797234e+01  -1.0072063e+01  -8.9219981e+00  -7.7556843e+00  -6.5380084e+00  -4.3961482e+00  -4.4789710e+00
  -1.0557210e+01  -1.1299603e+01  -1.1191785e+01  -9.7983901e+00  -7.6363568e+00  -6.1141190e+00  -3.1363187e+00  -2.6585204e+00
  -1.0185945e+01  -8.8535929e+00  -1.0308906e+01  -1.0123956e+01  -8.9035166e+00  -6.6737247e+00  -7.5827449e+00  -1.0165463e+01
  -8.0705900e+00  -8.6013757e+00  -1.0125314e+01  -9.6416985e+00  -1.1114919e+01  -7.6433952e+00  -7.2434041e+00  -1.0699382e+01
  -5.1455852e+00  -3.8248114e+00  -6.0536469e+00  -8.2355251e+00  -5.0789444e+00  -4.4119478e+00  -2.9599668e+00  -9.9286958e-01
  -6.3045347e+00  -6.4696202e+00  -6.9527484e+00  -6.1322800e+00  -6.0408231e+00  -5.2512413e+00  -5.8696215e+00  -4.0142793e+00
  -7.6764771e+00  -9.8609104e+00  -6.7440198e+00  -5.5598681e+00  -5.5494750e+00  -5.0938708e+00  -5.3020297e+00  -3.8702208e+00
   8.5096534e-02   1.4365980e-01   1.5465286e-01   1.9364380e-01   4.7915549e-01   5.5780647e-01   2.1941704e-01   2.6246380e-01
   1.1606245e-01   1.6063087e-01   1.7941873e-01   2.9198075e-01   6.2396008e-01   6.9547274e-01   3.9366205e-01   6.2500171e-01
  -1.6121821e-02   7.5842376e-02   1.3411404e-01   2.3112760e-01   3.9679181e-01   3.3368442e-01   3.2013706e-01   3.7792254e-01
   9.5816186e-02   1.4625379e-01   1.5008540e-01   1.0121545e-01   3.3305856e-01   4.0699385e-01   3.1620999e-01   3.4948484e-01
   3.4926110e-01   3.5010139e-01   2.5116330e-01   5.5761226e-01   1.0682258e+00   7.6340752e-01   3.3291239e-01   4.4116348e-01
   1.9371844e-01   1.6403773e-01   2.7724639e-01   7.1930640e-01   7.0303720e-01   3.8532869e-01   8.4019514e-01   1.0439624e+00
   1.2905072e-01   2.5231002e-01   3.7692741e-01   7.7328630e-01   7.3155948e-01   4.1756096e-01   1.1240078e+00   1.2555049e+00
   3.8664341e-02   3.8664341e-02   3.8664341e-02   3.8664341e-02   2.2492886e-01   2.2492886e-01   3.8664341e-02   3.8664341e-02
   2.2492886e-01   2.2492886e-01   3.8664341e-02   3.8664341e-02   3.8664341e-02   2.2492886e-01   3.8664341e-02   2.2492886e-01
   3.8664341e-02   3.8664341e-02   3.8664341e-02   3.8664341e-02   3.8664341e-02   3.8664341e-02  -1.4760017e-01   3.8664341e-02
   3.8664341e-02   3.8664341e-02   2.2492886e-01   3.8664341e-02   2.2492886e-01   4.1119337e-01   2.2492886e-01   3.8664341e-02
   4.1119337e-01   4.1119337e-01   3.8664341e-02   3.8664341e-02   2.2492886e-01   2.2492886e-01  -1.4760017e-01  -1.4760017e-01
   2.2492886e-01   3.8664341e-02   2.2492886e-01   2.2492886e-01   3.8664341e-02   3.8664341e-02   2.2492886e-01   5.9745789e-01
   2.2492886e-01   2.2492886e-01   2.2492886e-01   2.2492886e-01   3.8664341e-02   3.8664341e-02   2.2492886e-01   5.9745789e-01
  -3.1590839e+01  -3.6380371e+01  -3.9334861e+01  -4.2033221e+01  -4.3831883e+01  -4.4911330e+01  -4.7036413e+01  -4.7828548e+01
  -2.9813334e+01  -3.4681335e+01  -3.8378453e+01  -4.1478078e+01  -4.3597495e+01  -4.4952958e+01  -4.6270558e+01  -4.6957630e+01
  -2.7854712e+01  -3.2601239e+01  -3.6382426e+01  -3.8933435e+01  -4.0770249e+01  -4.1486795e+01  -4.1563457e+01  -4.1164735e+01
  -1.9878443e+01  -2.2034095e+01  -2.3904172e+01  -2.5830505e+01  -2.7726858e+01  -2.8728878e+01  -3.3012169e+01  -3.5408677e+01
  -1.8672269e+01  -2.4350346e+01  -3.2028090e+01  -3.6265513e+01  -3.8583891e+01  -3.9848764e+01  -4.0542576e+01  -4.0745494e+01
  -1.8298695e+01  -2.7416301e+01  -3.3847971e+01  -3.5624509e+01  -3.6156921e+01  -3.6957571e+01  -3.8246922e+01  -3.7962177e+01
  -2.1409714e+01  -3.0052605e+01  -3.5396497e+01  -3.7196273e+01  -3.7646138e+01  -3.8505037e+01  -3.9734916e+01  -3.9448923e+01
   3.5269628e+00   4.6754335e+00   4.1262509e+00   4.2904696e+00   4.4133539e+00   4.2528312e+00   4.0234680e+00   1.0651169e+00
   4.3013657e+00   5.3332005e+00   4.3589173e+00   3.9738531e+00   3.6966645e+00   3.4901959e+00   3.6031239e+00   5.9973128e-01
   6.0954520e+00   7.6565671e+00   5.8003186e+00   3.5311840e+00   2.4857528e+00   6.5385375e+00   6.3230278e+00   4.3927913e+00
   6.7245166e+00   5.1495974e+00   6.5137107e+00   6.7136807e+00   4.9641826e+00   5.7450075e+00   6.4556411e+00   1.6661706e+00
   5.1051227e+00   6.2563727e+00   6.1456530e+00   2.4161090e+00   5.6813197e-01   1.7702181e+00   8.0470352e-01   5.6775812e-01
   8.0903415e+00   8.1619385e+00   4.4360345e+00   1.2333823e+00   7.4384337e-01   1.4074463e+00  -6.2502780e-02   6.6475027e-01
   7.8594511e+00   7.1689462e+00   4.3081446e+00   1.5399878e+00   1.0083626e+00   1.4291114e+00   2.2409587e-01   8.2491564e-01
  -5.4798107e+00  -5.0936242e+00  -5.4857576e+00  -4.6034053e+00  -5.1256713e+00  -4.1950947e+00  -1.7335603e+00  -2.5487991e+00
  -5.9562606e+00  -5.3559693e+00  -4.7029331e+00  -3.9562114e+00  -3.0333006e+00  -2.1564849e+00  -1.2379215e+00  -3.0708719e+00
  -6.0759209e+00  -6.0628288e+00  -5.0577221e+00  -5.0207748e+00  -3.4712688e+00  -4.2629862e+00  -2.9638289e+00  -2.4094265e+00
  -1.0550426e+01  -1.0159535e+01  -6.7559475e+00  -6.6627690e+00  -7.1756127e+00  -6.2718306e+00  -4.4009211e+00  -3.1756329e+00
  -8.7273396e+00  -8.8093162e+00  -8.1712230e+00  -3.9464202e+00  -2.6698177e+00  -2.1498353e+00  -7.2932824e-01  -1.1897487e+00
  -6.4596963e+00  -3.3371239e+00  -5.4050691e+00  -4.3725069e+00  -2.1467420e+00  -2.1345052e+00  -1.8102248e+00  -2.2136104e+00
  -6.2660370e+00  -3.6238134e+00  -6.6108119e+00  -4.8386201e+00  -2.0637768e+00  -1.6397802e+00  -1.6831391e+00  -1.6445832e+00
  -4.7337261e+01  -5.1809845e+01  -5.5203881e+01  -5.7250416e+01  -5.8865499e+01  -5.8877676e+01  -6.0144542e+01  -6.3390033e+01
  -4.5341678e+01  -5.0365413e+01  -5.4173271e+01  -5.6117005e+01  -5.8693118e+01  -5.9444959e+01  -6.0258892e+01  -6.2616309e+01
  -4.0937678e+01  -4.6764484e+01  -5.1609411e+01  -5.4429823e+01  -5.5319982e+01  -5.3378642e+01  -5.4297815e+01  -5.7822125e+01
  -3.6900144e+01  -3.8730284e+01  -3.8597170e+01  -4.0237432e+01  -4.4858274e+01  -4.2963503e+01  -4.6024574e+01  -5.3344552e+01
  -3.5753761e+01  -3.7876102e+01  -4.5807346e+01  -5.2722011e+01  -5.4785204e+01  -5.4559712e+01  -5.4712196e+01  -5.5351461e+01
  -3.2135696e+01  -3.8867708e+01  -4.8215797e+01  -5.2940845e+01  -5.2576616e+01  -5.1471107e+01  -5.3513561e+01  -5.3855627e+01
  -3.3984120e+01  -4.3049255e+01  -5.0752400e+01  -5.3983191e+01  -5.3790419e+01  -5.3031681e+01  -5.4938205e+01  -5.5354355e+01
  -4.6655403e+01  -5.1702765e+01  -5.5162176e+01  -5.7255653e+01  -5.7436480e+01  -5.7204335e+01  -6.1099006e+01  -6.1460324e+01
  -4.4691490e+01  -5.0571814e+01  -5.5168508e+01  -5.7777802e+01  -5.8198177e+01  -5.8590186e+01  -6.0748830e+01  -6.0177179e+01
  -4.3361849e+01  -4.7612304e+01  -5.3422564e+01  -5.5676744e+01  -5.6460198e+01  -5.5763545e+01  -5.7372828e+01  -5.9246880e+01
  -3.4214144e+01  -3.5952240e+01  -3.8644896e+01  -4.0138705e+01  -4.1485087e+01  -4.0363400e+01  -4.6332598e+01  -5.3364526e+01
  -2.8572244e+01  -3.3366118e+01  -4.4008670e+01  -5.1508490e+01  -5.2839840e+01  -5.3850217e+01  -5.5851833e+01  -5.6405499e+01
  -2.9721209e+01  -3.8124948e+01  -4.7252833e+01  -4.9893681e+01  -5.1066033e+01  -5.1946016e+01  -5.4094845e+01  -5.2612009e+01
  -3.3982990e+01  -4.3113418e+01  -4.8451207e+01  -5.0973687e+01  -5.2411109e+01  -5.3732034e+01  -5.5337929e+01  -5.3766327e+01
