   9.5891129e+00   1.2218044e+01   1.2929227e+01   7.1636690e+00   4.3601413e+00   6.9254660e+00   3.6963371e+00   2.1682451e+00
   9.6898874e+00   1.2422552e+01   1.3542283e+01   7.8070166e+00   4.4284229e+00   3.7183273e+00   2.1172670e+00   5.2325821e+00
   8.2893047e+00   6.0204253e+00   1.0013522e+01   9.3776013e+00   7.7478780e+00   6.3280434e+00   8.9332900e+00   1.0067167e+01
   1.2215591e+01   1.5731459e+01   1.4204469e+01   8.0228346e+00   7.3200280e+00   1.1408764e+01   1.1817257e+01   1.4824760e+01
   1.1342986e+01   8.3349595e+00   6.1297899e+00   7.8557184e+00   6.4734128e+00   6.1958594e-02   2.1142737e+00   5.1087030e+00
   1.0910199e+01   6.2289169e+00   1.0033417e+01   5.2144496e+00   5.7161383e+00   3.8415113e+00   4.8941783e+00   4.6921177e+00
   1.0540581e+01   6.9373617e+00   1.0229320e+01   4.9599386e+00   5.5226847e+00   2.3751770e+00   3.3417794e+00   3.0938912e+00
  -8.5021200e+00  -9.0399591e+00  -9.5434527e+00  -7.4386470e+00  -7.8097736e+00  -5.3416979e+00  -4.0273283e+00  -3.8904962e+00
  -9.5179675e+00  -9.5938194e+00  -9.8281934e+00  -7.4885195e+00  -8.1638472e+00  -5.6174870e+00  -3.5101038e+00  -2.4746106e+00
  -4.0136143e+00  -6.9027989e+00  -1.1406376e+01  -8.1811818e+00  -7.6346465e+00  -7.6512901e+00  -1.2393158e+01  -1.1557407e+01
  -1.4162366e+01  -1.4887386e+01  -1.3377508e+01  -9.5045219e+00  -9.8909301e+00  -6.9418901e+00  -8.8462321e+00  -1.3633092e+01
  -7.0265648e+00  -4.9105011e+00  -9.6321450e+00  -6.9553558e+00  -5.9296592e+00  -6.1083634e+00  -5.5182276e+00  -4.5063809e+00
  -8.6869965e+00  -4.9291282e+00  -7.1937755e+00  -6.1376391e+00  -6.8092466e+00  -4.5760984e+00  -3.2774851e+00  -2.9316328e+00
  -9.0466807e+00  -5.0886040e+00  -7.6874672e+00  -6.4839481e+00  -6.3039687e+00  -3.8372982e+00  -1.3666797e+00   1.4681356e-01
   1.9502246e-01   2.7251502e-01   3.6167960e-01   4.6066497e-01   7.6551893e-01   7.4232703e-01   3.3214502e-01   3.3308331e-01
   1.1599841e-01   8.2610379e-02   9.9761561e-02   5.0428548e-01   1.2195217e+00   1.4245121e+00   9.9328559e-01   5.6703129e-01
   9.0444717e-02   2.8483787e-01   2.0957253e-01   1.9965138e-01   1.7265498e-02  -1.8392545e-01  -2.0060938e-01  -2.1738550e-01
   1.0895507e-01   1.6167645e-01   1.4985968e-01   2.0535949e-01   1.7887169e-01   9.8477863e-02   1.2802047e-01   1.8904744e-01
   1.9857243e-01   2.3370742e-01   2.8628710e-01   3.3993026e-01   6.1266738e-01   1.4983231e+00   8.4319090e-01  -3.6948912e-01
   1.8977241e-03   1.2094175e-01   2.4310801e-01   7.6797521e-01   8.7583861e-01   5.4150975e-01   1.8027918e-01   1.1586897e+00
  -6.4793918e-02   4.7079746e-02   2.1822657e-01   7.0832840e-01   8.2741232e-01   6.9326733e-01   2.1889172e-01   9.7405966e-01
   2.2492886e-01   2.2492886e-01   3.8664341e-02   2.2492886e-01   4.1119337e-01   2.2492886e-01   3.8664341e-02   3.8664341e-02
   3.8664341e-02   3.8664341e-02   3.8664341e-02   2.2492886e-01   2.2492886e-01   4.1119337e-01   4.1119337e-01   2.2492886e-01
   3.8664341e-02   2.2492886e-01   2.2492886e-01   3.8664341e-02   3.8664341e-02   3.8664341e-02   3.8664341e-02   3.8664341e-02
   3.8664341e-02   2.2492886e-01   2.2492886e-01   2.2492886e-01   2.2492886e-01   3.8664341e-02   3.8664341e-02   3.8664341e-02
   2.2492886e-01   2.2492886e-01   2.2492886e-01   2.2492886e-01   2.2492886e-01   4.1119337e-01   3.8664341e-02  -1.4760017e-01
   3.8664341e-02   2.2492886e-01   2.2492886e-01   2.2492886e-01   2.2492886e-01   3.8664341e-02  -3.3386469e-01   4.1119337e-01
  -1.4760017e-01   3.8664341e-02   2.2492886e-01   4.1119337e-01   2.2492886e-01   3.8664341e-02  -5.2012920e-01   5.9745789e-01
  -3.0938414e+01  -3.3867408e+01  -3.6411250e+01  -3.9157332e+01  -4.2569887e+01  -4.4228096e+01  -4.5770582e+01  -4.4812127e+01
  -2.9434393e+01  -3.3261870e+01  -3.5923694e+01  -3.8775020e+01  -4.3287276e+01  -4.5871973e+01  -4.7613270e+01  -4.7746468e+01
  -2.9394313e+01  -3.3870929e+01  -3.5953137e+01  -3.7700637e+01  -3.9819765e+01  -4.0400508e+01  -4.0249677e+01  -3.9344092e+01
  -1.6816061e+01  -1.7516502e+01  -1.9544284e+01  -2.2848582e+01  -2.7609836e+01  -3.1400506e+01  -3.3804393e+01  -3.4114183e+01
  -1.8207297e+01  -2.4501907e+01  -3.1569219e+01  -3.4898104e+01  -3.8603631e+01  -4.0986539e+01  -4.1395505e+01  -4.1263094e+01
  -1.6127062e+01  -2.6681970e+01  -3.4109688e+01  -3.6027991e+01  -3.7760646e+01  -3.9423226e+01  -3.9715315e+01  -3.9606534e+01
  -1.8314668e+01  -2.8391006e+01  -3.4041638e+01  -3.6467505e+01  -3.8496509e+01  -3.9560752e+01  -4.0236471e+01  -4.0491042e+01
   3.6485024e+00   4.7532002e+00   3.0798633e+00   4.9542070e+00   2.9554063e+00   4.9542579e-01   1.8132966e+00   1.4144465e-02
   3.3647427e+00   4.9885308e+00   3.4846772e+00   5.7644365e+00   5.0420319e+00   2.6436299e+00   1.5451537e+00  -5.2599531e-01
   4.9702747e+00   6.6250370e+00   4.5824564e+00   4.0207076e+00   2.3413772e+00   1.8931711e+00   1.8937466e+00   2.4334163e-01
   7.3937109e+00   4.5965512e+00   5.7421144e+00   7.0399266e+00   6.1517858e+00   3.9966007e+00   4.1717158e+00   1.9535290e+00
   7.4712301e+00   5.9747377e+00   4.6849864e+00   3.1721252e+00   1.6794454e+00   1.1817055e+00   7.6688934e-01  -2.8178656e+00
   8.2760275e+00   7.3063175e+00   1.9602523e+00   2.5819182e+00   2.0044127e+00   6.1488860e-01   4.8163289e-04  -1.2405746e+00
   8.7301087e+00   7.4656854e+00   1.7649658e+00   2.1571676e+00   1.4025877e+00   6.0144996e-02  -5.3569814e-01  -7.0461153e-01
  -7.6072864e+00  -7.7328667e+00  -6.1533583e+00  -5.6284373e+00  -3.7970612e+00  -2.8717975e+00  -1.4661442e+00  -2.2289398e+00
  -6.2756508e+00  -5.6236558e+00  -5.9464742e+00  -5.3899700e+00  -2.8137642e+00  -4.2423501e+00  -6.5946788e+00  -4.2526374e+00
  -8.8637443e+00  -6.3181581e+00  -4.5987594e+00  -5.2856005e+00  -4.0977091e+00  -2.3874624e+00  -2.3987943e-01  -3.4136184e+00
  -7.1208908e+00  -7.8674021e+00  -7.5451007e+00  -7.6181838e+00  -7.9156366e+00  -7.2030313e+00  -5.0897711e+00  -4.5027069e+00
  -1.0130258e+01  -8.3881589e+00  -4.1246176e+00  -5.8265964e+00  -4.0661547e+00  -1.8697419e+00  -6.1795208e-01  -9.6766416e-01
  -8.0105902e+00  -8.4311522e+00  -4.2423540e+00  -4.0086456e+00  -2.4555777e+00  -1.5305456e+00  -4.9893500e-01   9.6882347e-02
  -8.1926519e+00  -8.7933002e+00  -4.9715930e+00  -4.3721155e+00  -2.1375371e+00  -3.6032636e-01  -1.5081731e+00  -4.6808616e-01
  -4.7051192e+01  -5.2581952e+01  -5.5450384e+01  -5.4628595e+01  -5.8012604e+01  -6.0418929e+01  -6.0228056e+01  -6.0493684e+01
  -4.5025363e+01  -5.1889077e+01  -5.5477470e+01  -5.4076446e+01  -5.7455938e+01  -6.0874364e+01  -6.2193075e+01  -6.3481904e+01
  -4.2010162e+01  -4.7473104e+01  -5.2459484e+01  -5.3811691e+01  -5.6136196e+01  -5.6234411e+01  -5.6619719e+01  -5.7641186e+01
  -3.6776135e+01  -4.0757868e+01  -4.0077016e+01  -3.8859389e+01  -4.3089508e+01  -4.7413350e+01  -5.1293819e+01  -5.5874275e+01
  -3.4698291e+01  -3.9295423e+01  -4.7258834e+01  -5.1336559e+01  -5.4663269e+01  -5.4467479e+01  -5.5496717e+01  -5.8371721e+01
  -3.0973888e+01  -3.8670573e+01  -4.9864646e+01  -4.9952691e+01  -5.2685196e+01  -5.3927264e+01  -5.5082463e+01  -5.6857946e+01
  -3.2477454e+01  -4.1026974e+01  -5.0805397e+01  -5.0780336e+01  -5.3301776e+01  -5.3196285e+01  -5.4839248e+01  -5.7125124e+01
  -4.4464766e+01  -4.8623309e+01  -5.0975889e+01  -5.1917928e+01  -5.6623813e+01  -5.7907769e+01  -5.8432147e+01  -5.8894493e+01
  -4.3999141e+01  -4.8349573e+01  -5.0361161e+01  -5.1627501e+01  -5.7331725e+01  -5.9090513e+01  -6.0065212e+01  -6.0364456e+01
  -4.1164292e+01  -4.5659940e+01  -5.0501510e+01  -5.2107109e+01  -5.4357116e+01  -5.5445148e+01  -5.7884637e+01  -5.7692321e+01
  -3.5554727e+01  -3.6378599e+01  -3.6676320e+01  -3.6697756e+01  -4.1468807e+01  -4.4446381e+01  -4.9439688e+01  -5.4594593e+01
  -3.0493221e+01  -3.5071932e+01  -4.4921595e+01  -4.8115936e+01  -5.2260883e+01  -5.5557635e+01  -5.6962128e+01  -5.7418567e+01
  -3.0476945e+01  -3.7380478e+01  -4.6925012e+01  -4.9091701e+01  -5.2353890e+01  -5.4840805e+01  -5.6306875e+01  -5.6505607e+01
  -3.3333622e+01  -4.0237717e+01  -4.7267378e+01  -4.9169021e+01  -5.2887828e+01  -5.5135348e+01  -5.6379506e+01  -5.6533180e+01
