   9.0011563e+00   9.1675438e+00   7.8463962e+00   7.2460105e+00   6.8868373e+00   1.9212861e+00   2.5152905e+00  -4.9628101e+00
   8.0723862e+00   9.3675678e+00   8.4333726e+00   8.2015345e+00   8.1604857e+00   5.0103532e+00   2.2794570e+00  -1.3175312e+00
   8.9762742e+00   6.8845102e+00   9.5660171e+00   9.1163594e+00   8.6416498e+00   7.3676356e+00   9.9932872e-01  -3.8530805e+00
   6.9982338e+00   1.3593076e+01   1.3161418e+01   8.2684658e+00   1.0101861e+01   7.1369295e+00   3.5534560e+00   8.0142751e+00
   5.7896538e+00   5.8729730e+00   9.8882026e+00   5.5346051e+00   7.8290554e-01   1.8353030e+00   1.2671856e+00   1.9046032e-01
   8.3749324e+00   3.1471142e+00   9.4195846e+00   5.9785639e+00   3.9655667e+00   1.9028274e+00   4.9110644e-01  -9.7138986e-02
   7.6520322e+00   4.8113217e+00   9.4013733e+00   5.7444831e+00   4.3596068e+00   2.1962736e+00   1.6579363e+00  -2.8479605e-01
  -1.2145129e+01  -9.3851697e+00  -1.1490620e+01  -8.3880401e+00  -8.2442211e+00  -4.8917992e+00  -8.6394004e+00  -4.1038475e+00
  -1.1616014e+01  -1.0077032e+01  -1.1145787e+01  -9.4656927e+00  -1.2555804e+01  -6.6877448e+00  -7.2546241e+00  -4.3468371e+00
  -9.6693967e+00  -1.0136032e+01  -9.7237311e+00  -9.4208982e+00  -8.7589170e+00  -6.6166831e+00  -7.5431633e+00  -8.3401676e+00
  -1.3141078e+01  -1.6143625e+01  -1.3305957e+01  -9.9013407e+00  -1.3986784e+01  -8.3164779e+00  -7.7657202e+00  -1.2581616e+01
  -9.1011034e+00  -4.4607810e+00  -6.7361773e+00  -5.7928931e+00  -6.5856294e+00  -4.6869969e+00  -3.9852779e-01  -2.6865754e+00
  -1.1163915e+01  -5.9189126e+00  -7.7091787e+00  -5.4674912e+00  -4.4543139e+00  -4.7588900e+00  -1.5288038e-01  -9.3910494e-01
  -1.0435474e+01  -7.5083689e+00  -8.7739274e+00  -5.0276190e+00  -3.7673670e+00  -4.0846677e+00   1.3996077e-01  -2.9831871e-01
   2.8579391e-01   3.7989434e-01   4.0129900e-01   1.0129166e+00   1.1140050e+00   1.0077557e-01  -5.7954018e-01  -3.3382782e+00
   1.4659826e-01   1.5925613e-01   4.1054424e-01   4.8528758e-01   8.1509425e-01   1.1683692e+00   7.0531160e-01   5.0022545e-01
   1.8677306e-01   1.1370546e-01   5.7625298e-01   6.6445330e-01   8.2253494e-01   9.2145045e-01   4.9138085e-01  -1.3788681e+00
   2.2567514e-01   5.8127671e-02   3.6021727e-04   1.2000632e-01   5.6743143e-02   4.3154773e-02   1.5989666e-02  -3.0120239e-02
   1.3986835e-01   1.8283619e-01   2.4092538e-01   3.2059714e-01   4.3352639e-01   5.5158784e-01   1.2864298e+00   1.1101021e+00
   2.9286846e-02   3.8437279e-01   6.4257697e-01   5.1220883e-01   8.3543044e-01   1.0802212e+00   9.9499308e-01   1.2945504e+00
   6.5974047e-02   4.3385547e-01   6.2768120e-01   5.9100219e-01   1.1794590e+00   1.3988785e+00   1.1057180e+00   1.4694565e+00
   2.0210266e-01   2.0210266e-01   2.0210266e-01   3.8836718e-01   2.0210266e-01  -1.7042637e-01  -2.0330715e+00  -4.2682457e+00
   2.0210266e-01   2.0210266e-01   2.0210266e-01   2.0210266e-01   2.0210266e-01   2.0210266e-01   1.5838146e-02  -1.7042637e-01
   2.0210266e-01   2.0210266e-01   2.0210266e-01   2.0210266e-01   2.0210266e-01   1.5838146e-02   1.5838146e-02  -1.2880135e+00
   2.0210266e-01   1.5838146e-02   1.5838146e-02   2.0210266e-01   1.5838146e-02   1.5838146e-02   1.5838146e-02   1.5838146e-02
   2.0210266e-01   2.0210266e-01   1.5838146e-02   1.5838146e-02   1.5838146e-02  -1.7042637e-01   2.0210266e-01   3.8836718e-01
   1.5838146e-02   2.0210266e-01   1.5838146e-02   1.5838146e-02   2.0210266e-01   3.8836718e-01   1.1334252e+00   1.1334252e+00
   1.5838146e-02   2.0210266e-01   1.5838146e-02   1.5838146e-02   3.8836718e-01   7.6089621e-01   1.3196898e+00   1.5059543e+00
  -3.3457451e+01  -3.7836420e+01  -4.0545025e+01  -4.3136745e+01  -4.4988544e+01  -4.4434724e+01  -4.5273513e+01  -4.5842227e+01
  -3.2005008e+01  -3.6988207e+01  -4.0852275e+01  -4.4015304e+01  -4.6702636e+01  -4.9395356e+01  -5.0139431e+01  -4.9440631e+01
  -3.0867606e+01  -3.6384331e+01  -3.9650134e+01  -4.1402384e+01  -4.2721531e+01  -4.3762648e+01  -4.3694892e+01  -4.2599261e+01
  -2.0419693e+01  -2.2706028e+01  -2.5475105e+01  -2.8980796e+01  -3.1174036e+01  -3.4286561e+01  -3.8067485e+01  -3.8993003e+01
  -2.0805514e+01  -2.6786324e+01  -3.4593252e+01  -3.9439576e+01  -4.1671671e+01  -4.2197023e+01  -4.2438652e+01  -4.2826286e+01
  -1.8607552e+01  -3.0545072e+01  -3.6362586e+01  -3.8112760e+01  -3.9264514e+01  -3.9527206e+01  -3.9335533e+01  -3.9690393e+01
  -2.0950118e+01  -3.2563219e+01  -3.7667542e+01  -3.9471291e+01  -4.0611889e+01  -4.0763556e+01  -4.0675430e+01  -4.1153642e+01
   4.2622570e+00   3.2311454e+00   2.1387048e+00   8.8407461e-01   6.5314258e-01   4.0649189e+00  -5.0164250e-02   1.3670908e+00
   6.0460755e+00   5.0591185e+00   5.4015127e+00   4.4433595e+00   2.7242111e+00   1.1051797e+00  -2.8018187e-02   2.2127923e+00
   7.2736838e+00   3.7506932e+00   6.9866183e-01  -6.3369494e-01  -6.5947131e-01  -1.2915373e+00  -5.5865976e-01   2.6692931e+00
   7.0053018e+00   6.0152078e+00   7.8091481e+00   6.7031332e+00   6.4637629e+00   5.1493715e+00   2.4161044e+00  -1.6360331e+00
   9.9209113e+00   8.3660922e+00   6.3416587e+00   3.9953496e+00   2.7936026e+00   1.6062019e+00   1.1674630e+00   1.0946238e+00
   6.7861728e+00   5.6936024e+00   2.3213049e+00   2.3971995e+00   4.9624464e-01  -5.1163498e-01   1.7182999e-01   8.9245471e-01
   6.4330345e+00   3.0679306e+00   1.6168765e+00   1.9371305e+00   7.7283454e-02  -6.4072877e-01  -4.3826318e-02   1.2519903e+00
  -6.2763204e+00  -5.0427242e+00  -1.2327061e+00  -1.9122946e+00  -1.3648219e+00   2.4829865e+00   7.8138296e+00   3.6134148e+00
  -5.6033301e+00  -6.9597449e+00  -5.0249050e+00  -2.1917059e+00   7.1100173e-01  -2.9784740e+00  -1.4452492e-01   1.0835247e+00
  -5.4760313e+00  -3.9868020e+00  -2.7789778e+00  -1.3367125e+00  -4.5162757e-01   5.4404078e-01   1.3613893e+00   1.8921936e+00
  -9.1367606e+00  -7.1601437e+00  -5.7430290e+00  -3.8632992e+00  -1.9606259e+00  -5.8064503e+00  -3.1148115e+00   1.4667741e-02
  -6.7976934e+00  -6.0326785e+00  -4.3895049e+00  -3.0458801e+00  -1.5608706e+00   5.0954940e-01   2.9487097e-01   9.6673561e-01
  -8.5894647e+00  -7.2388279e+00  -1.7882803e+00  -4.3538863e-01  -1.3969865e+00   4.8268013e-02   5.0725783e-01  -1.1155555e+00
  -8.2608499e+00  -6.0422571e+00  -1.2242504e+00  -8.0990833e-01  -1.0854173e+00   7.0209817e-02   6.4873288e-01  -1.1247819e+00
  -5.1236307e+01  -5.5722530e+01  -5.6526178e+01  -5.9728316e+01  -5.9977399e+01  -5.9354336e+01  -6.1298667e+01  -6.0765766e+01
  -4.8848679e+01  -5.4584418e+01  -5.7092364e+01  -6.0063071e+01  -6.3644793e+01  -6.4907400e+01  -6.4720243e+01  -6.2042283e+01
  -4.7208022e+01  -5.3387531e+01  -5.7122352e+01  -5.9823870e+01  -5.9504149e+01  -6.1115024e+01  -6.0183452e+01  -5.5145362e+01
  -3.9238930e+01  -4.2212699e+01  -4.2822870e+01  -4.4348968e+01  -4.8197753e+01  -4.9247857e+01  -5.3509303e+01  -5.7327515e+01
  -3.3213942e+01  -3.8942372e+01  -4.9010554e+01  -5.3030165e+01  -5.5856193e+01  -5.5714879e+01  -5.6090023e+01  -5.7208362e+01
  -3.2787991e+01  -4.3958691e+01  -5.3186312e+01  -5.3128753e+01  -5.5185815e+01  -5.4923896e+01  -5.5436095e+01  -5.4204954e+01
  -3.5246476e+01  -4.7573640e+01  -5.4764652e+01  -5.4294946e+01  -5.6355631e+01  -5.6381772e+01  -5.7377917e+01  -5.5799254e+01
  -4.9724733e+01  -5.3830732e+01  -5.6483503e+01  -5.7919141e+01  -6.1813274e+01  -6.2344930e+01  -6.8258952e+01  -6.4373201e+01
  -4.7690621e+01  -5.2454432e+01  -5.5891117e+01  -5.8232650e+01  -6.2930513e+01  -6.4387389e+01  -6.7834404e+01  -6.5867527e+01
  -4.4691460e+01  -5.1126511e+01  -5.5406974e+01  -5.8552837e+01  -5.9615524e+01  -6.1520809e+01  -6.3159667e+01  -6.1192943e+01
  -3.7709538e+01  -4.3361751e+01  -4.3436247e+01  -4.3302156e+01  -4.7799939e+01  -4.9175549e+01  -5.4664868e+01  -5.7605563e+01
  -3.3318859e+01  -3.6872385e+01  -4.7025690e+01  -5.4347387e+01  -5.7540200e+01  -5.8661075e+01  -5.8091748e+01  -5.9462829e+01
  -3.4377416e+01  -4.2266367e+01  -5.0655489e+01  -5.3092816e+01  -5.4518937e+01  -5.6379120e+01  -5.4841610e+01  -5.4795104e+01
  -3.5982266e+01  -4.5663054e+01  -5.2628253e+01  -5.4207024e+01  -5.5689608e+01  -5.7751511e+01  -5.6362960e+01  -5.5757265e+01
