   8.6228600e+00   1.1266784e+01   1.1901807e+01   1.0695150e+01   6.2042897e+00   4.3117150e+00   3.2133985e+00   7.7528921e-02
   8.5494620e+00   1.1009908e+01   1.0828627e+01   1.0067189e+01   6.7947961e+00   2.0243775e+00   1.8939980e+00   7.1303676e-01
   1.1475730e+01   5.8731478e+00   4.8973403e+00   3.2535854e+00   1.1575165e+01   1.1344825e+01   5.0468250e+00   9.4657460e+00
   9.4952279e+00   1.1021174e+01   1.1951837e+01   9.0651324e+00   6.2480068e+00   7.2663865e+00   4.1682255e+00   4.9761987e+00
   1.1830621e+01   7.4884916e+00   4.5746537e+00   4.7657826e+00   1.4343518e+00   2.8331264e+00  -1.3576063e+00  -1.4751474e+00
   8.8202826e+00   7.6129079e+00   5.7959498e+00   3.2661909e+00   3.4297862e+00   7.5580232e-01  -2.7331832e+00  -4.0980544e-01
   8.7144559e+00   1.0333929e+01   5.8288637e+00   2.6458697e+00   3.5896410e+00  -1.9014662e-01  -2.6329637e+00  -5.0390314e-01
  -8.2820430e+00  -1.2166936e+01  -1.2090253e+01  -1.2216719e+01  -1.1843874e+01  -9.0132520e+00  -3.5133186e+00  -1.2556609e+00
  -1.0472767e+01  -1.1405456e+01  -1.2170003e+01  -1.2328505e+01  -1.1470966e+01  -8.8868979e+00  -5.1601246e+00  -2.2512505e+00
  -8.6364149e+00  -8.8370068e+00  -1.3535128e+01  -1.5241023e+01  -1.4004658e+01  -1.3346836e+01  -7.4500844e+00  -1.0724772e+01
  -1.0099865e+01  -9.8910918e+00  -1.1942948e+01  -1.1355716e+01  -1.1423503e+01  -8.5514976e+00  -2.3989832e+00  -7.7974741e+00
  -7.2298706e+00  -6.2357789e+00  -6.6764707e+00  -9.3771169e+00  -1.0058241e+01  -7.3526435e+00   6.8767446e-01  -1.6858060e+00
  -5.5452202e+00  -4.7190153e+00  -7.9864295e+00  -6.0863928e+00  -4.7689813e+00  -2.3482079e+00   1.7453378e+00   1.4774886e+00
  -5.0998032e+00  -5.2272231e+00  -5.8886091e+00  -4.6266517e+00  -3.8265491e+00  -1.6329757e+00   1.3184975e+00   2.0782343e+00
   3.0766520e-02   1.2459775e-01   8.5293380e-02   1.0811551e-01   3.4649089e-01   7.4385610e-01   6.4824301e-01   6.6768046e-01
   7.2044847e-02   9.5473668e-02   1.1502343e-01   1.6208063e-01   4.3516234e-01   8.3116965e-01   6.5667185e-01   8.1646256e-01
   1.1220145e-01   1.2172724e-01   1.7905007e-01   2.2341378e-01   1.9205900e-01   2.3876381e-01   4.1774995e-01   4.0848949e-01
   1.9384169e-01   9.8271111e-02  -6.7333430e-02  -2.8210059e-02   1.3985823e-01   4.0312291e-01   9.8347715e-01   8.1203541e-01
   3.0432699e-02   7.4939180e-02   2.9515488e-01   2.3391536e-01   4.3982729e-01   1.1954522e+00   9.6282701e-01   5.4030791e-01
   1.9562941e-01   1.3024495e-01   3.9138534e-01   5.2216179e-01   9.6674016e-01   6.3879835e-01   3.8303510e-01   8.4727512e-01
   2.6453338e-01   3.8403449e-01   4.1594323e-01   6.8590076e-01   1.1598147e+00   1.0262446e+00   7.9413894e-01   1.2204222e+00
   1.5838146e-02   1.5838146e-02   1.5838146e-02   1.5838146e-02   2.0210266e-01   3.8836718e-01   2.0210266e-01   1.5838146e-02
   1.5838146e-02   1.5838146e-02   1.5838146e-02   2.0210266e-01   2.0210266e-01   3.8836718e-01   3.8836718e-01   2.0210266e-01
   1.5838146e-02   2.0210266e-01   2.0210266e-01   2.0210266e-01   1.5838146e-02   1.5838146e-02   1.5838146e-02   1.5838146e-02
   2.0210266e-01   1.5838146e-02   1.5838146e-02   1.5838146e-02   2.0210266e-01   2.0210266e-01   2.0210266e-01   2.0210266e-01
   1.5838146e-02   1.5838146e-02   2.0210266e-01   2.0210266e-01   2.0210266e-01   3.8836718e-01   3.8836718e-01   2.0210266e-01
   2.0210266e-01  -1.7042637e-01   1.5838146e-02   1.5838146e-02   2.0210266e-01   3.8836718e-01   5.7463169e-01   3.8836718e-01
   2.0210266e-01   1.5838146e-02   1.5838146e-02   1.5838146e-02   3.8836718e-01   7.6089621e-01   1.1334252e+00   9.4716072e-01
  -3.7405381e+01  -4.1398411e+01  -4.2907187e+01  -4.5691403e+01  -5.0409901e+01  -5.4233071e+01  -5.6347147e+01  -5.6718405e+01
  -3.4882744e+01  -4.0205933e+01  -4.2827218e+01  -4.5937490e+01  -5.0596548e+01  -5.3908565e+01  -5.5141403e+01  -5.5488604e+01
  -3.1423971e+01  -3.8608399e+01  -4.2854670e+01  -4.4332705e+01  -4.5420451e+01  -4.7279470e+01  -4.9221809e+01  -4.9423715e+01
  -2.4006199e+01  -2.6082657e+01  -2.6023808e+01  -2.8308347e+01  -3.3614939e+01  -3.8539835e+01  -4.2257451e+01  -4.2571172e+01
  -2.3016713e+01  -2.7925149e+01  -3.6296002e+01  -4.0005561e+01  -4.2258061e+01  -4.3697734e+01  -4.4331417e+01  -4.4212368e+01
  -2.2198020e+01  -3.2365340e+01  -3.6344871e+01  -3.7947570e+01  -3.9116636e+01  -3.9475668e+01  -3.9306553e+01  -3.9420984e+01
  -2.2891899e+01  -3.4650172e+01  -3.7880020e+01  -3.9251451e+01  -4.0123444e+01  -4.0284311e+01  -3.9973976e+01  -4.0155422e+01
   4.8543845e+00   4.9411366e+00   5.7947531e+00   4.8744779e+00   2.8391245e+00   3.3507111e+00   2.3589724e+00   1.0658424e+00
   6.7152169e+00   7.2024537e+00   5.7905882e+00   4.4248278e+00   1.6753185e+00   2.3010941e+00   2.1487915e+00   9.9870269e-01
   5.0832468e+00   7.3946677e+00   6.7994425e+00   5.1928118e+00   1.3008978e+00   1.9785349e+00   2.8200295e+00   1.0837748e+00
   4.4633161e+00   6.8847869e+00   7.4794325e+00   5.9520025e+00   3.8408867e+00   2.9056883e+00   3.4279929e+00   1.9352916e+00
   5.1456729e+00   6.4677874e+00   4.9458837e+00   2.0386225e+00   2.8651439e+00   3.0939558e+00   2.6901813e+00   4.0823982e-01
   4.9465605e+00   4.0875062e+00   3.1869158e+00   1.7191874e+00   1.1506143e+00   1.7495366e+00  -3.3206902e-01  -2.1852733e+00
   5.5928710e+00   1.8276340e+00   3.2521072e+00   1.7184399e+00   5.7950448e-01   1.1802565e+00  -7.7948866e-01  -2.0407040e+00
  -3.9295347e+00  -4.6117979e+00  -6.0408810e+00  -5.2188573e+00  -3.1081282e+00  -2.0952213e+00  -1.9271247e+00  -5.7437045e-01
  -3.3642473e+00  -4.6871798e+00  -5.9212860e+00  -5.2813617e+00  -2.8672100e+00  -1.6994272e+00  -1.7163780e+00  -8.3964484e-01
  -7.1607012e+00  -8.8968742e+00  -5.3716488e+00  -3.6155143e+00  -4.3957747e+00  -1.7287258e+00  -2.8695581e+00  -2.1754973e+00
  -8.1342529e+00  -9.7199400e+00  -7.3129906e+00  -5.4136035e+00  -4.9858128e+00  -4.8399757e+00  -3.7040539e+00  -3.3107110e-01
  -7.4576249e+00  -6.8727281e+00  -4.5947399e+00  -2.5718839e+00   3.7795048e-02  -2.3315016e-01  -6.5006174e-01   1.3761088e+00
  -6.2867043e+00  -3.3495439e+00  -2.3161010e+00  -1.6179703e+00  -9.4803091e-01  -1.5234166e-01  -1.5598344e+00  -1.2478554e+00
  -6.4217735e+00  -2.9243768e+00  -2.3188226e+00  -1.7050898e+00  -1.3348182e+00   2.6641283e-01  -1.2051422e+00  -1.6669526e+00
  -5.1313169e+01  -5.9465612e+01  -6.0689665e+01  -6.2455636e+01  -6.7530938e+01  -6.8955518e+01  -7.0355831e+01  -7.1045310e+01
  -4.8848079e+01  -5.6090562e+01  -5.9839135e+01  -6.2165389e+01  -6.7172474e+01  -6.8559388e+01  -6.9382639e+01  -6.9905481e+01
  -4.7299962e+01  -5.1043409e+01  -5.6762639e+01  -5.9977545e+01  -6.4209628e+01  -6.4711962e+01  -6.5350770e+01  -6.7071058e+01
  -4.2852742e+01  -4.4363335e+01  -4.2504450e+01  -4.3496469e+01  -4.9625343e+01  -5.3275972e+01  -5.5885176e+01  -5.9172351e+01
  -3.8324434e+01  -4.0612722e+01  -4.9878705e+01  -5.5594427e+01  -5.7486356e+01  -5.8454328e+01  -5.8309043e+01  -5.9040844e+01
  -3.5809678e+01  -4.4799975e+01  -5.1385831e+01  -5.3735813e+01  -5.5171835e+01  -5.3752028e+01  -5.3679691e+01  -5.5060948e+01
  -3.6670291e+01  -4.9212106e+01  -5.2398430e+01  -5.4744176e+01  -5.6167259e+01  -5.4685603e+01  -5.4841514e+01  -5.6158888e+01
  -5.1577065e+01  -5.8054001e+01  -6.0667330e+01  -6.2946027e+01  -6.6730222e+01  -6.7856923e+01  -6.9048849e+01  -7.1116135e+01
  -4.9707267e+01  -5.5631245e+01  -5.9699073e+01  -6.2282995e+01  -6.6418134e+01  -6.8039500e+01  -6.8398129e+01  -6.9546669e+01
  -4.5759745e+01  -5.1789519e+01  -5.9498680e+01  -6.3386320e+01  -6.4785978e+01  -6.5808113e+01  -6.4962515e+01  -6.6216009e+01
  -3.8529242e+01  -4.2040311e+01  -4.4616507e+01  -4.5462824e+01  -4.9672934e+01  -5.1876724e+01  -5.4395849e+01  -5.7765895e+01
  -3.6500303e+01  -3.9895686e+01  -4.8896205e+01  -5.4998408e+01  -5.8690332e+01  -6.0685618e+01  -5.9373545e+01  -5.9668152e+01
  -3.3040547e+01  -4.5512823e+01  -5.2317246e+01  -5.3579049e+01  -5.4426421e+01  -5.3937331e+01  -5.2125607e+01  -5.3777405e+01
  -3.3134036e+01  -4.7124609e+01  -5.3359042e+01  -5.4473728e+01  -5.5383409e+01  -5.5072239e+01  -5.2705399e+01  -5.3857244e+01
