   1.2204219e+01   9.0762642e+00   1.3057223e+01   6.9810561e+00   8.5473295e+00   5.1256563e+00   3.1226412e+00   4.3433100e+00
   1.0798027e+01   8.8118551e+00   1.2320134e+01   6.3179491e+00   7.7841844e+00   5.0643513e+00   2.3827999e+00   2.6347674e+00
   7.6637057e+00   4.2594534e+00   1.0568073e+01   8.7084018e+00   8.5497222e+00   9.3069248e+00   7.0971176e+00   1.1410306e+01
   1.3144324e+01   8.6459209e+00   1.2714321e+01   1.0313086e+01   1.2049193e+01   4.9507819e+00   3.4596841e+00   6.6541688e+00
   1.0545602e+01   8.6817297e+00   1.1286903e+01   6.8258869e+00   3.4001258e+00   2.9881134e+00   1.3354254e+00  -8.7570647e-01
   9.2167044e+00   7.2837133e+00   4.6438532e+00  -1.9088089e-01   1.6620603e+00   2.5706818e+00   4.4395885e+00   4.2778322e+00
   9.7229638e+00   7.8370558e+00   4.0631765e+00  -3.1706697e-01   2.6016774e-01   2.2433720e+00   5.1242586e+00   4.3195180e+00
  -5.8135822e+00  -6.5621147e+00  -9.8269268e+00  -8.0838780e+00  -3.8345234e+00  -1.7610054e+00  -7.5666698e-01   6.2166506e-02
  -6.7083145e+00  -6.9927462e+00  -9.3364654e+00  -7.2337713e+00  -3.2534707e+00  -1.2218885e+00   2.7869578e-01   1.0792354e+00
  -8.5236939e+00  -1.0073670e+01  -1.0280997e+01  -1.0391146e+01  -1.0563696e+01  -8.4766155e+00  -5.2948259e+00  -2.8639997e+00
  -1.6582804e+01  -1.3002342e+01  -1.3400433e+01  -1.0347752e+01  -6.4984367e+00  -6.2168918e+00  -7.1572442e+00  -7.9066344e+00
  -5.7513141e+00  -4.5924114e+00  -7.0087034e+00  -1.1277358e+01  -8.5713016e+00  -5.3677176e+00  -4.0521997e-02  -1.2909798e-01
  -6.7080071e+00  -3.3924638e-01  -6.3151165e+00  -7.5019577e+00  -4.5575611e+00  -2.2216189e-01  -2.9379704e-01   5.0584463e-01
  -7.3394779e+00  -4.0849941e+00  -8.4946956e+00  -6.4551360e+00  -2.9048137e+00   1.3264594e+00   1.2832321e-01   6.4323792e-01
   1.1309247e-01   1.9501745e-02   1.3185495e-01   1.9196633e-01   4.7944618e-03  -3.6757317e-01   4.1329767e-01   1.0116607e+00
   1.6099935e-01   2.9237798e-02   1.1771333e-01   8.4160063e-02   2.0493776e-02  -2.4001678e-01   2.9674881e-01   1.1168002e+00
   4.3836377e-02   1.3292085e-01   1.5142543e-01   2.6318035e-01   1.5943018e-01   7.3115443e-02  -1.7143869e-02   1.5672384e-01
   8.3360608e-02   6.9639258e-02   5.3548021e-02   1.2712266e-01   1.5330746e-01  -5.3375446e-02   1.5365022e-01   6.0896133e-01
  -1.7260914e-02   1.3971150e-01   2.6430640e-01   5.3622405e-01   5.4987454e-01  -1.4198975e-01   5.6777561e-02   4.7930174e-01
  -4.0578054e-02   1.5127647e-01   9.3729912e-01   6.5970667e-01   2.6122232e-01   1.1753997e-01   7.7834414e-01   1.1631653e+00
   2.8294781e-02   3.1011977e-01   1.0184845e+00   8.7423252e-01   3.4365918e-01   2.5755240e-01   1.1581229e+00   1.5360012e+00
   1.5838146e-02   1.5838146e-02   1.5838146e-02   1.5838146e-02   1.5838146e-02  -1.7042637e-01   2.0210266e-01   3.8836718e-01
   2.0210266e-01   1.5838146e-02   1.5838146e-02   1.5838146e-02  -1.7042637e-01  -3.5669088e-01   2.0210266e-01   7.6089621e-01
   1.5838146e-02   1.5838146e-02   1.5838146e-02   1.5838146e-02   1.5838146e-02   1.5838146e-02   2.0210266e-01   1.5838146e-02
   1.5838146e-02   1.5838146e-02   1.5838146e-02   1.5838146e-02   1.5838146e-02  -1.7042637e-01   1.5838146e-02   1.5838146e-02
   1.5838146e-02   1.5838146e-02  -1.7042637e-01   1.5838146e-02   1.5838146e-02  -1.7042637e-01  -1.7042637e-01   1.5838146e-02
   1.5838146e-02  -1.7042637e-01   2.0210266e-01   2.0210266e-01  -3.5669088e-01  -3.5669088e-01   5.7463169e-01   9.4716072e-01
   1.5838146e-02   1.5838146e-02   3.8836718e-01   2.0210266e-01  -3.5669088e-01  -3.5669088e-01   1.6922188e+00   1.8784833e+00
  -3.6245374e+01  -4.0036050e+01  -4.1967024e+01  -4.6051311e+01  -4.8910852e+01  -5.0358670e+01  -5.2895489e+01  -5.3571869e+01
  -3.5111433e+01  -3.9393200e+01  -4.1466641e+01  -4.5490153e+01  -4.7933582e+01  -4.8780182e+01  -5.1224180e+01  -5.2310043e+01
  -3.3065123e+01  -3.6805408e+01  -3.9522295e+01  -4.0970709e+01  -4.2534803e+01  -4.3830704e+01  -4.5220747e+01  -4.5390357e+01
  -2.0092359e+01  -2.1954489e+01  -2.3468346e+01  -2.7399570e+01  -3.3144688e+01  -3.6214370e+01  -3.8789567e+01  -3.9494513e+01
  -2.1828880e+01  -2.8235325e+01  -3.6111239e+01  -3.9360419e+01  -4.0229014e+01  -4.0491413e+01  -4.1268716e+01  -4.1245472e+01
  -2.2704609e+01  -3.2466994e+01  -3.5546594e+01  -3.6484687e+01  -3.6374856e+01  -3.6370819e+01  -3.7090692e+01  -3.6925237e+01
  -2.5041430e+01  -3.4005094e+01  -3.6299788e+01  -3.7178484e+01  -3.7023733e+01  -3.6914159e+01  -3.7680902e+01  -3.7483034e+01
   3.4911521e+00   5.1946490e+00   4.2880838e+00   4.6290289e+00   4.1342798e+00   4.2980724e+00   1.7490581e+00  -5.0026676e-03
   4.0381839e+00   4.6616187e+00   3.9710844e+00   4.6903925e+00   3.7603882e+00   3.4936650e+00   1.3089043e+00  -4.8770554e-01
   7.1919669e+00   5.7065499e+00   3.8192952e+00   3.3791388e+00   2.2473146e+00   3.2108966e+00   1.5790746e+00   1.0114370e+00
   8.2350340e+00   7.5265888e+00   6.4881265e+00   5.9748810e+00   4.2251862e+00   5.8259787e+00   1.6727698e+00  -1.4318151e+00
   7.8065429e+00   5.2129295e+00   3.6174865e+00   3.4115985e+00   1.9839701e+00   1.5954197e+00  -2.6163792e-01   9.6742298e-03
   5.1678652e+00   4.6342505e+00   3.0082679e+00   4.5436362e-01   1.0943769e+00   1.4089210e+00   1.3063606e-01  -6.4741823e-01
   4.1130767e+00   4.1237967e+00   2.5083766e+00   2.8026014e-01   1.0623283e+00   1.0885437e+00  -4.3387094e-01  -6.8322045e-01
  -6.9551840e+00  -6.9681258e+00  -6.7121517e+00  -3.3877481e+00  -3.2022739e+00  -3.9213354e+00  -4.2896348e+00  -2.3649348e+00
  -6.7275827e+00  -5.5815732e+00  -5.5924081e+00  -2.5823773e+00  -2.2134901e+00  -2.6184727e+00  -4.0440151e+00  -2.0762793e+00
  -5.5938917e+00  -5.1531652e+00  -3.9996096e+00  -3.2890968e+00  -3.6153149e+00  -1.6418161e+00  -3.4505400e+00  -3.5845544e+00
  -5.2500508e+00  -7.4778388e+00  -7.0808483e+00  -5.6508854e+00  -5.1586528e+00  -4.4730650e+00  -3.8881597e+00  -1.7374898e+00
  -8.5252403e+00  -8.3512622e+00  -3.1424301e+00   1.7160946e+00   9.2809161e-01  -1.4818335e+00  -2.4209360e+00  -9.6105769e-01
  -7.6326776e+00  -4.2555980e+00  -1.2244263e+00   1.2634034e+00   2.2096220e+00   2.3894232e+00   1.6685020e+00  -8.2498490e-01
  -7.6456906e+00  -2.7668523e+00  -4.5674250e-01   1.0656721e+00   2.2300422e+00   2.4362100e+00   2.3572538e+00  -5.5668065e-01
  -5.3298281e+01  -5.5243366e+01  -5.9599470e+01  -6.1279176e+01  -6.4071523e+01  -6.4014195e+01  -6.6717139e+01  -6.8792131e+01
  -5.1594411e+01  -5.3910809e+01  -5.8056549e+01  -5.9831654e+01  -6.3465139e+01  -6.3536946e+01  -6.5333589e+01  -6.7507982e+01
  -4.6372985e+01  -5.1509246e+01  -5.6586651e+01  -5.7995266e+01  -5.8997429e+01  -5.9681769e+01  -6.1929507e+01  -6.3646445e+01
  -3.8784355e+01  -3.8748211e+01  -4.1540904e+01  -4.4256423e+01  -5.0064707e+01  -4.8241879e+01  -5.1511910e+01  -5.5974688e+01
  -3.6354206e+01  -4.2359257e+01  -5.1266498e+01  -5.4035201e+01  -5.5444764e+01  -5.5094587e+01  -5.6065041e+01  -5.6340680e+01
  -3.6722050e+01  -4.5775186e+01  -5.1827073e+01  -5.1648408e+01  -4.9852833e+01  -5.1491370e+01  -5.3090966e+01  -5.2519366e+01
  -4.0025624e+01  -4.8700052e+01  -5.2715310e+01  -5.2063241e+01  -4.9679286e+01  -5.1817242e+01  -5.4265907e+01  -5.2905041e+01
  -4.8965336e+01  -5.4540101e+01  -5.6933725e+01  -6.1193463e+01  -6.1928616e+01  -6.3449440e+01  -6.5222196e+01  -6.5921477e+01
  -4.7568894e+01  -5.3812066e+01  -5.5964589e+01  -6.0359066e+01  -6.1358953e+01  -6.2155744e+01  -6.3066572e+01  -6.4206275e+01
  -4.6477639e+01  -5.1546143e+01  -5.5967077e+01  -5.8011129e+01  -5.9362814e+01  -6.0037930e+01  -5.8359295e+01  -5.8550359e+01
  -3.9731672e+01  -3.9238340e+01  -4.1131495e+01  -4.2840239e+01  -4.5815395e+01  -5.0336584e+01  -5.4203266e+01  -5.6497563e+01
  -3.4750266e+01  -3.9077276e+01  -4.9812522e+01  -5.6238684e+01  -5.7317789e+01  -5.6842143e+01  -5.5700867e+01  -5.5930458e+01
  -3.5759890e+01  -4.4428232e+01  -5.0309286e+01  -5.3505623e+01  -5.3779470e+01  -5.2666094e+01  -5.2773748e+01  -5.1843500e+01
  -3.8488170e+01  -4.8359318e+01  -5.2243911e+01  -5.3866098e+01  -5.4060207e+01  -5.3046803e+01  -5.3718597e+01  -5.2446656e+01
