   7.0323582e+00   4.9296104e+00  -2.4268886e+00  -1.4131968e+00   8.6332089e-01   1.2903193e+00   2.1776020e-01   1.1952403e+00
   8.2474561e+00   7.0966706e+00  -1.6918065e+00  -9.9811046e-01   2.8197163e+00   1.8794953e+00  -2.2344651e-01   3.9284795e-01
   1.1638855e+01   6.0731284e+00   6.5207899e+00   2.0954662e+00   7.7546969e+00   1.7539059e+00  -4.7410054e-01   1.2456785e+00
   1.3165208e+01   5.2257365e+00   2.9733036e+00   4.8048199e+00   7.7655673e+00   1.2368162e+00  -7.5519912e-02  -1.1962556e+00
   7.8986951e+00   6.9341954e+00   3.2106990e+00  -8.1883215e-01   3.0566256e-01  -4.3973910e-01  -1.7383796e-01   4.1333741e-01
   1.0163661e+01   9.3444256e+00  -1.3267814e+00  -2.0082289e+00   3.9995176e+00   3.8542090e+00   4.6585578e+00  -7.8051537e-01
   7.8639588e+00   7.8404399e+00  -1.1093896e+00  -1.6563432e-01   5.8524135e+00   2.6518290e+00   2.7064404e+00  -2.3907920e+00
  -4.5382041e+00  -1.4790943e+00  -1.0496691e+00  -1.1371639e+00   9.8378941e-02  -3.6285926e+00  -2.9495431e-01  -1.1725678e-01
  -6.0327820e+00  -1.7221005e+00  -7.7891630e-01  -1.1869598e+00   1.9249833e-01  -1.8048118e+00   5.7806930e-02  -8.0568358e-01
  -1.0290189e+01  -1.1074238e+01  -7.1865956e+00  -4.4651720e+00  -5.3145095e+00  -4.1151003e+00  -1.3494120e+00  -4.7925512e-01
  -1.3539607e+01  -1.2951246e+01  -1.1666138e+01  -5.1016492e+00  -7.0984105e+00  -3.6216274e+00  -1.1680946e+00  -3.3337814e+00
  -1.0616386e+01  -9.4276549e+00  -5.8123188e+00  -2.5002581e+00  -3.5735576e+00  -3.0495225e+00  -3.1366053e+00  -1.2807110e+00
  -3.5422116e+00  -5.4840873e+00  -3.5206055e+00  -5.4586043e-01   3.2460578e-01   3.2540303e+00   5.9658773e-01   3.2343709e+00
  -3.2961658e+00  -6.1450945e+00  -3.5154468e+00  -1.6336069e-01  -5.8806428e-01   3.5102031e+00   1.3917372e+00   4.5000859e+00
   1.2356438e+00   4.6107209e-01   1.1723603e+00   2.4076137e+00   1.7752312e+00   2.2230450e-01  -4.2316274e-02  -1.8406366e+00
   1.0960521e+00   4.6790269e-01   1.1359303e+00   2.4373970e+00   1.8341373e+00   3.0731606e-01  -7.1152698e-02  -1.8680120e+00
   2.7523330e-01   1.5554044e-01   6.7419023e-01   2.1335494e+00   1.9651889e+00   6.8393504e-01   1.7005254e-01  -1.2769650e+00
   1.9014830e-01   2.0558557e-01   3.5855903e-01   1.7371841e+00   1.3748009e+00   5.4572860e-01   1.4915109e-01  -1.2961259e+00
   2.0734085e-01   7.6262704e-01   1.7780045e+00   2.3610293e+00   2.1087210e+00   3.1593714e+00   2.9150977e+00   1.7003514e+00
   6.4220417e-01   7.8048848e-01   4.9493046e-01   1.3224726e+00   1.2865779e+00   1.5985991e+00   3.9532588e-01   5.7111876e-01
   4.0993738e-01   7.4339669e-01   6.0486733e-01   1.6006288e+00   1.5592866e+00   1.5005761e+00   3.0437512e-01   7.7573082e-01
   5.6617260e-02   2.4288177e-01   1.3604689e+00   3.0368495e+00   1.9192624e+00  -1.2964725e-01  -6.8844080e-01  -3.2961440e+00
   5.6617260e-02   5.6617260e-02   1.1742043e+00   3.0368495e+00   1.7329979e+00   5.6617260e-02  -6.8844080e-01  -3.2961440e+00
   5.6617260e-02   5.6617260e-02   5.6617260e-02   8.0167532e-01   4.2914629e-01   5.6617260e-02   5.6617260e-02  -1.4334989e+00
   5.6617260e-02   2.4288177e-01   5.6617260e-02   2.4288177e-01   2.4288177e-01   5.6617260e-02  -1.2964725e-01  -1.9922924e+00
   5.6617260e-02   2.4288177e-01   8.0167532e-01   2.6643205e+00   2.1055269e+00   3.5956430e+00   3.0368495e+00   1.3604689e+00
   5.6617260e-02   2.4288177e-01   2.4288177e-01   1.5467334e+00   1.7329979e+00   1.5467334e+00   2.4288177e-01   1.5467334e+00
   2.4288177e-01   2.4288177e-01   5.6617260e-02   1.5467334e+00   1.7329979e+00   1.3604689e+00   4.2914629e-01   1.9192624e+00
  -3.9324743e+01  -4.3388173e+01  -3.9998141e+01  -3.7360130e+01  -4.2993231e+01  -4.6940564e+01  -3.8495209e+01  -3.8353999e+01
  -3.8776741e+01  -4.2801774e+01  -3.9855943e+01  -3.7296793e+01  -4.2610489e+01  -4.6156546e+01  -3.8437650e+01  -3.8267250e+01
  -3.4948838e+01  -3.7627186e+01  -3.7438983e+01  -3.6546485e+01  -4.0855863e+01  -4.3230396e+01  -3.7788057e+01  -3.7754207e+01
  -2.6454706e+01  -2.9942030e+01  -3.4099667e+01  -3.5923343e+01  -3.9650603e+01  -4.1580385e+01  -3.7508195e+01  -3.7384753e+01
  -3.0314382e+01  -3.5746933e+01  -3.6607778e+01  -3.5289209e+01  -3.7549596e+01  -3.8566108e+01  -3.5862714e+01  -3.4767018e+01
  -3.3539648e+01  -3.6146220e+01  -3.5478668e+01  -3.4318389e+01  -3.6172688e+01  -3.5822667e+01  -3.3723814e+01  -3.2618708e+01
  -3.4546957e+01  -3.6543062e+01  -3.5598697e+01  -3.4421716e+01  -3.6374579e+01  -3.6022102e+01  -3.3749606e+01  -3.2610643e+01
   2.2783956e+00  -4.0418051e-01   1.3460434e+00   1.5989395e+00   8.4458771e-01  -6.5844814e-01  -7.4984847e-01  -1.6200732e+00
   2.4219049e+00   9.5188738e-01   1.7984017e+00   1.2624334e+00   3.8636181e-01  -7.1409910e-01  -1.0489547e+00  -2.0379245e+00
   2.3759150e+00   4.0212511e+00   4.5648898e+00   2.8294018e+00  -6.8311569e-01   5.6042070e+00   1.5468212e+00   1.8308061e+00
   6.3210781e+00   1.1868843e+01   7.1322364e+00   3.0779104e+00   4.0609384e+00   2.7253100e+00  -2.0452829e+00  -2.0428445e+00
   3.6771729e-01  -2.4431553e+00  -1.5686969e+00   2.8883517e+00   3.2212325e+00   5.1399171e+00   1.9210531e+00   1.9501223e+00
   5.9300020e+00  -2.4113745e+00  -7.4827187e-01  -8.5617526e-01  -1.9548614e+00  -1.0914400e+00  -3.5532393e+00  -2.2145732e+00
   1.8185533e+00  -4.5209825e+00  -5.3962620e-01  -2.1647387e-01  -3.3347361e+00  -1.1608522e+00  -3.2285706e+00   2.1371099e-01
  -8.9547284e-01  -2.3137020e+00   1.1137778e+00   1.5844922e+00   7.3059070e-01   8.0777561e-01  -4.6796039e-02   2.1330475e-01
  -2.0399347e+00  -5.4219281e+00   1.5703156e+00   1.5753745e+00  -8.0649995e-01  -6.7232151e-01  -5.3911301e-01  -2.4873086e-01
  -1.6605959e+00  -2.8091264e+00  -2.1361019e+00  -6.9847619e-01  -1.2177380e+00  -5.4285279e+00  -1.5261288e+00   7.9025378e-02
  -8.1733395e+00  -7.6954018e+00  -2.9875523e+00  -1.6002845e+00  -1.5468340e+00  -1.3247059e+00   4.5662717e-01  -1.7400991e+00
  -3.6868981e+00  -8.6019702e-01   1.5236263e+00   2.3409201e-01   8.0910769e-01  -1.4636420e+00   5.6718124e-01   1.4256730e-01
  -1.6531466e+00  -2.5190011e+00  -3.3311607e+00   1.2949710e+00  -1.8446063e+00  -3.4164697e+00  -3.1760392e+00   1.2171602e+00
  -1.8252774e-01  -9.2462733e-01  -3.3691562e+00   7.0598589e-01  -2.1741101e+00  -3.4875098e+00  -4.0931052e+00   1.9011661e-01
  -5.4363951e+01  -5.9568506e+01  -5.4802690e+01  -5.2094274e+01  -5.8084350e+01  -6.2338634e+01  -5.3314136e+01  -5.3643760e+01
  -5.3577219e+01  -5.8171165e+01  -5.4595643e+01  -5.2446086e+01  -5.8592093e+01  -6.1646532e+01  -5.3247595e+01  -5.3351960e+01
  -5.1023423e+01  -5.2742629e+01  -5.1758658e+01  -5.0787729e+01  -5.5885244e+01  -5.7115952e+01  -5.1934265e+01  -5.2137372e+01
  -4.3949325e+01  -4.4134797e+01  -4.6229647e+01  -4.9375610e+01  -5.5290227e+01  -5.5205808e+01  -5.3069924e+01  -5.3149767e+01
  -4.3251623e+01  -4.9460434e+01  -5.1959196e+01  -4.9648681e+01  -5.1666619e+01  -5.3021479e+01  -5.0734313e+01  -4.9009779e+01
  -4.8258541e+01  -5.2247325e+01  -4.9587778e+01  -4.9661137e+01  -5.4537436e+01  -5.0916138e+01  -4.9991573e+01  -4.8123219e+01
  -5.0012381e+01  -5.2951580e+01  -4.9716856e+01  -4.9664854e+01  -5.5359181e+01  -5.0849022e+01  -4.9567325e+01  -4.7115912e+01
  -5.6411355e+01  -5.8341372e+01  -5.5874089e+01  -5.3907531e+01  -5.9029630e+01  -6.3152687e+01  -5.4378517e+01  -5.4356150e+01
  -5.4937926e+01  -5.7206619e+01  -5.6010299e+01  -5.3553694e+01  -5.7728903e+01  -6.1652732e+01  -5.4145440e+01  -5.4292944e+01
  -5.1869780e+01  -5.3919651e+01  -5.2678749e+01  -5.2205802e+01  -5.7469553e+01  -5.8361070e+01  -5.3543379e+01  -5.4421817e+01
  -4.3088486e+01  -4.6136845e+01  -5.0667045e+01  -5.1147971e+01  -5.5576431e+01  -5.7524115e+01  -5.3774014e+01  -5.3278571e+01
  -4.6888067e+01  -5.0617271e+01  -5.2352599e+01  -5.1889515e+01  -5.5529685e+01  -5.5096275e+01  -5.3148286e+01  -5.0272405e+01
  -4.6609360e+01  -5.1905326e+01  -5.1589992e+01  -4.9922641e+01  -5.0051274e+01  -4.9317115e+01  -4.9045934e+01  -4.6950795e+01
  -4.7674194e+01  -5.2137411e+01  -5.1005095e+01  -4.9869263e+01  -5.0824273e+01  -4.9536952e+01  -4.8779568e+01  -4.6544775e+01
