   7.0389500e+00   6.0583748e+00   7.8221737e+00   4.9696240e+00   5.4627777e+00   3.4728598e+00   3.5446267e+00   3.1770125e+00
   6.8746500e+00   6.7551362e+00   7.7001182e+00   6.3032048e+00   5.4260330e+00   4.3469078e+00   3.3053272e+00   2.4956365e+00
   4.8560925e+00   6.2713409e+00   6.6170289e+00   3.5289400e+00   1.3114912e+00   1.6265507e+00   3.0652189e+00   3.6979821e+00
   8.0474410e+00   8.7084727e+00   6.3832690e+00   5.4235473e+00   7.5413152e+00   7.9900988e+00   2.9935828e+00   2.3969429e+00
   3.9361511e+00   3.6547395e+00   5.0479543e+00   4.1051116e+00   3.0538934e+00   6.2449284e-01   9.7045614e-01   1.5743929e+00
   2.7001218e+00   2.9263138e+00   3.7394680e+00  -1.4666134e+00  -1.6250493e-01  -3.4145550e-01   7.4591527e-01   2.2969121e-01
   2.0859944e+00   2.9628339e+00   3.3219945e+00  -8.3968352e-01  -5.8651552e-01  -7.9811288e-01   7.2460158e-01  -5.4348484e-01
  -1.9030606e+00  -4.0576661e+00  -5.5991080e+00  -3.0865093e+00  -2.5525552e+00   2.2644083e-02  -6.1403737e-01  -7.4904364e-01
  -4.3066349e+00  -4.5946923e+00  -5.5496503e+00  -4.3746427e+00  -4.1753796e+00  -1.2031018e+00  -1.1912993e+00  -1.9868726e+00
  -7.6395186e+00  -5.8703708e+00  -6.6308769e+00  -5.6492290e+00  -3.3677741e+00  -3.2282353e+00  -3.4270541e+00  -3.8553313e+00
  -7.3685675e+00  -6.1224203e+00  -3.9795789e+00  -5.0103194e+00  -4.2938205e+00  -4.8144000e+00  -4.2520819e+00  -1.1528959e+00
  -5.7720088e+00  -4.9454254e+00  -2.9266921e+00  -1.1303561e+00   8.9825866e-01  -8.5452731e-02  -3.6044301e-01   3.9789619e-01
  -5.9673981e+00  -5.6245291e+00  -3.7493561e+00  -3.9075032e+00  -1.9810462e+00  -2.5342861e-01   1.8849030e-01   2.9548109e+00
  -5.6036236e+00  -5.1453336e+00  -3.4564224e+00  -4.5395135e+00  -2.6253921e+00   4.5001954e-01   4.2980650e-01   3.4901092e+00
   8.4027770e-02   8.2314093e-02   1.9135180e-01   4.5150374e-01  -1.3488316e-03  -1.0586637e+00  -6.5113027e-01  -2.1508233e-01
   1.2790931e-01   9.3849033e-02   1.1246431e-01   4.5506094e-01   1.0069018e-01  -1.0710516e+00  -4.0627228e-01   1.4593554e-01
   1.1502964e-01  -1.5416212e-04  -2.0921748e-01  -4.5575106e-01  -4.9922889e-01  -4.0098199e-01  -8.5163206e-02  -3.0097517e-01
   1.4400951e-01   9.6695438e-02   1.1105061e-01   2.0020999e-01   4.6780404e-02  -2.4040092e-01   1.6874500e-01   4.7019255e-01
   1.2945300e-01   7.3046072e-02  -1.5829787e-01  -2.7044056e-01  -1.2569809e-01   4.2689611e-01   3.9476317e-01   8.4960659e-01
   9.3017044e-02  -2.8186695e-01  -4.9557094e-01   1.5658176e-01  -1.9950363e-01  -6.5686665e-01  -6.8273152e-01  -5.3185361e-01
   9.1606910e-02  -3.1464764e-01  -4.3983228e-01   2.4263291e-01  -1.3012369e-01  -6.0905471e-01  -3.4814649e-01  -1.8493838e-01
   2.0711422e-02   2.0697594e-01   2.0697594e-01   2.0697594e-01   2.0697594e-01  -7.2434664e-01  -3.5181761e-01   2.0697594e-01
   2.0711422e-02   2.0711422e-02   2.0711422e-02   2.0697594e-01   2.0697594e-01  -3.5181761e-01   2.0711422e-02   5.7950497e-01
   2.0697594e-01   2.0711422e-02   2.0711422e-02   2.0711422e-02  -1.6555309e-01  -3.5181761e-01   2.0711422e-02   2.0711422e-02
   2.0711422e-02   2.0711422e-02   2.0711422e-02   2.0697594e-01   2.0697594e-01   2.0711422e-02   2.0697594e-01   3.9324045e-01
   2.0697594e-01   2.0711422e-02   2.0697594e-01   2.0697594e-01   2.0711422e-02   2.0697594e-01  -1.6555309e-01   7.6576948e-01
   2.0697594e-01   2.0711422e-02   2.0711422e-02   5.7950497e-01   3.9324045e-01  -5.3808212e-01  -7.2434664e-01  -5.3808212e-01
   2.0697594e-01   2.0697594e-01   2.0711422e-02   5.7950497e-01   5.7950497e-01  -5.3808212e-01  -3.5181761e-01   3.9324045e-01
  -4.4482189e+01  -4.8453421e+01  -4.9725685e+01  -5.0196227e+01  -5.1571709e+01  -5.2286363e+01  -5.2609604e+01  -5.2145569e+01
  -4.2850457e+01  -4.5792266e+01  -4.7614511e+01  -4.9336538e+01  -5.1313696e+01  -5.1858285e+01  -5.2574161e+01  -5.2723569e+01
  -4.0353403e+01  -4.5037950e+01  -4.7207732e+01  -4.8655589e+01  -4.9820887e+01  -4.7996954e+01  -4.8758198e+01  -4.9687735e+01
  -2.7833663e+01  -2.9155243e+01  -3.1057365e+01  -3.4116216e+01  -3.7655379e+01  -3.9298066e+01  -4.0638105e+01  -4.1033118e+01
  -3.0211226e+01  -3.5231884e+01  -3.9088452e+01  -3.9927841e+01  -4.0272192e+01  -4.0139211e+01  -4.0321502e+01  -3.9660725e+01
  -2.8216740e+01  -3.4844194e+01  -3.6229873e+01  -3.6060012e+01  -3.6020402e+01  -3.6324063e+01  -3.6104866e+01  -3.4997462e+01
  -3.0991710e+01  -3.7217648e+01  -3.7981752e+01  -3.7886463e+01  -3.7983387e+01  -3.8231399e+01  -3.7698268e+01  -3.6106027e+01
   4.6438081e+00   2.1611025e+00   4.8888670e-01  -1.5502374e-01  -2.0223570e+00  -3.3487883e-01   1.6607774e+00   1.2399170e+00
   4.6711620e+00   4.0686746e+00   3.0685068e+00   1.1544386e+00  -7.8256794e-01   2.2918890e-01   1.5050936e+00   1.6030432e+00
   5.3330861e+00   4.3618799e+00   4.4968890e+00   2.0550427e+00   7.5402369e-01   5.0952816e-01   1.7684029e+00   8.0331155e-01
   4.6823420e+00   5.7996566e+00   7.2425502e+00   7.6385736e+00   4.1258246e+00   3.4130955e+00   1.3485445e+00  -3.4724245e-01
   4.4398346e+00   3.9824469e+00   1.9478865e+00   7.7280365e-01  -9.8076535e-01  -1.7433537e-03   1.1152242e+00  -1.5408918e+00
   6.0014903e+00   1.9984885e+00  -5.5220579e-01  -5.4304504e-01  -1.2729104e+00  -4.0052727e-01   1.8558362e-01   4.7273404e-01
   4.8194717e+00   1.8551483e+00   4.3860775e-01   7.8257083e-02  -1.0642742e+00  -3.5836724e-01   6.2063210e-01   4.8094421e-01
  -3.9251659e+00  -4.0732895e+00  -3.2603695e+00  -2.5033737e+00  -1.3367862e+00  -1.8791469e+00  -1.1016415e+00  -1.8130914e-02
  -3.4824442e+00  -4.9237271e+00  -4.5035712e+00  -3.0229680e+00  -2.4469232e+00  -2.5391827e+00  -1.2881740e+00  -9.0840389e-01
  -4.9025711e+00  -4.1727834e+00  -1.2776877e+00  -9.7014929e-01  -7.8726236e-01  -3.4246108e-01  -1.3762544e+00  -2.0659713e+00
  -5.0940419e+00  -4.0824833e+00  -4.9108781e+00  -4.6692807e+00  -4.6479719e+00  -2.2822980e+00  -2.7235397e-01  -1.4686204e+00
  -3.4631679e+00  -2.1164521e+00  -4.3926297e+00  -3.5170573e+00  -2.9918645e+00  -9.1340943e-01  -1.5179256e+00  -1.7850423e+00
  -4.4299572e+00  -1.3720236e+00  -2.7801453e+00  -1.5469344e+00   1.2258367e+00   4.6205304e-01  -3.2941067e-01   1.9368392e+00
  -3.8184929e+00  -9.3560365e-01  -2.4267641e+00  -3.0650718e-01   1.5362176e+00   1.3241913e+00   2.8886889e-01   2.5057438e+00
  -5.9471103e+01  -6.4327527e+01  -6.6176337e+01  -6.5785550e+01  -6.6136355e+01  -6.8116202e+01  -6.9731513e+01  -6.9291235e+01
  -5.8284458e+01  -6.2270535e+01  -6.4800184e+01  -6.5759945e+01  -6.5793881e+01  -6.7623368e+01  -7.0532196e+01  -7.0149971e+01
  -5.6095014e+01  -6.1714397e+01  -6.3911267e+01  -6.3977519e+01  -6.5628760e+01  -6.4401136e+01  -6.5945367e+01  -6.6193065e+01
  -4.6614106e+01  -4.8654245e+01  -4.8829356e+01  -5.2456124e+01  -5.5802305e+01  -5.8419253e+01  -5.7192470e+01  -5.6716925e+01
  -4.4246365e+01  -4.8330369e+01  -5.5437566e+01  -5.7609207e+01  -5.6452564e+01  -5.5278090e+01  -5.6026533e+01  -5.4863059e+01
  -4.2651210e+01  -5.0851049e+01  -5.2430364e+01  -5.2398632e+01  -5.1142502e+01  -5.1640343e+01  -5.2193474e+01  -5.1479888e+01
  -4.4325862e+01  -5.3853774e+01  -5.4547758e+01  -5.4202130e+01  -5.3041593e+01  -5.3435081e+01  -5.3671933e+01  -5.2693840e+01
  -5.6078189e+01  -6.1990142e+01  -6.4230260e+01  -6.4632683e+01  -6.6333879e+01  -6.7480421e+01  -6.8212331e+01  -6.7296339e+01
  -5.5064645e+01  -6.0456650e+01  -6.2552029e+01  -6.3710863e+01  -6.5801587e+01  -6.6164691e+01  -6.7459417e+01  -6.8160490e+01
  -5.5525034e+01  -6.0831575e+01  -6.2284614e+01  -6.2859391e+01  -6.5201676e+01  -6.4365136e+01  -6.4813607e+01  -6.5325140e+01
  -4.3923405e+01  -4.3998079e+01  -4.4453557e+01  -4.7612640e+01  -5.2649982e+01  -5.4899491e+01  -5.7342448e+01  -5.7149252e+01
  -4.3587849e+01  -4.8066670e+01  -5.3412728e+01  -5.5113912e+01  -5.6731830e+01  -5.6144074e+01  -5.7119731e+01  -5.7046842e+01
  -4.2128919e+01  -4.9807021e+01  -5.2344425e+01  -5.2318277e+01  -5.1856770e+01  -5.2866320e+01  -5.2367673e+01  -4.9637856e+01
  -4.4242386e+01  -5.2007169e+01  -5.3580849e+01  -5.3619361e+01  -5.3543550e+01  -5.4349514e+01  -5.3366074e+01  -4.9931967e+01
