   8.4895993e+00   7.8308042e+00   9.2558270e+00   1.1017624e+01   5.9871243e+00   5.7044480e+00   9.4505288e-01   1.9606317e-01
   8.8778196e+00   7.5340152e+00   8.7115886e+00   1.1290711e+01   4.4844390e+00   5.3770001e+00   2.4583832e+00   2.9637259e-01
   8.5629891e+00   5.9516124e+00   7.8434637e+00   7.7488202e+00   4.6254041e+00   3.0676740e+00  -1.0386721e+00   7.2065001e-01
   1.0045650e+01   1.1435901e+01   1.3603950e+01   9.7574981e+00   8.3300069e+00   6.5356482e+00   4.8537242e+00   6.2921796e+00
   1.1522852e+01   8.0549747e+00   5.9420228e+00   4.7137611e+00   5.2925196e+00   1.6842050e+00  -1.3113073e+00  -2.9763504e+00
   5.9301911e+00   7.9007938e+00   9.4996612e+00   6.9149911e+00   3.7986550e+00   5.2857656e+00   1.1282738e+00   1.5023180e+00
   6.8528120e+00   7.3627764e+00   9.1473710e+00   6.5616149e+00   3.1870195e+00   4.5208039e+00  -1.0050582e-01   3.0954164e-01
  -7.3797873e+00  -7.2834888e+00  -1.2231459e+01  -7.2088716e+00  -4.6265820e+00  -3.0937925e+00  -1.5469676e-02   2.2223564e+00
  -6.1697658e+00  -6.1376258e+00  -1.2677003e+01  -9.9587354e+00  -7.5411790e+00  -4.6789436e+00   1.1258253e+00   3.0001191e+00
  -5.8399990e+00  -7.2010028e+00  -9.0030786e+00  -5.0655863e+00  -4.4326191e+00  -5.3570422e+00  -2.3724829e+00  -4.6040098e+00
  -1.0447328e+01  -1.1912943e+01  -1.2571675e+01  -7.5841403e+00  -7.5785241e+00  -7.9154686e+00  -3.4210090e+00  -4.0968639e+00
  -8.2161422e+00  -6.9038308e+00  -7.4266762e+00  -5.6750464e+00  -2.4503951e+00  -2.3941317e+00  -6.0112969e-01  -2.4361522e+00
  -7.9374876e+00  -2.3371866e+00  -3.4048316e+00  -3.4129828e+00  -1.0675502e+00  -2.7842318e-01   5.5861819e-01  -1.9465465e-01
  -6.7443127e+00  -3.4857993e+00  -3.9293179e+00  -2.7394076e+00  -2.2202952e-01   3.3818249e-01   3.2962847e-02   1.0299456e-01
  -1.8576981e-02  -1.2925195e-01  -9.7257943e-02  -5.6572319e-02   6.0978279e-02   2.1308507e-01   6.1579043e-01   7.5599681e-01
  -1.0671467e-02  -8.6815348e-02  -1.3010182e-01  -1.9762594e-01  -3.3490346e-01  -1.3115996e-01   5.4648869e-01   9.7956584e-01
   4.5541476e-02   1.6139582e-02  -6.3931570e-03   8.8022746e-03  -2.5088249e-02   3.6305508e-01   1.7296550e-01  -3.5402536e-01
   3.9168121e-02   2.7832255e-02   3.0804986e-02   8.5999244e-02   1.3799626e-01   2.1083520e-01   3.5559074e-01   3.8821974e-01
   6.5774469e-02   6.0033210e-02  -1.1993468e-01  -2.4163284e-01  -2.3992892e-01   1.5969487e-01   4.3815491e-01  -4.1341787e-01
   2.2016090e-02  -2.0257060e-01  -2.2028945e-01  -1.0002189e-01   3.0658898e-01   2.2253817e-01  -2.2975258e-01  -4.1367747e-01
  -1.0845137e-02  -1.0350392e-01   6.3725581e-02  -1.5773790e-01   5.1938254e-01   4.2861736e-01   2.1851775e-01   6.6882966e-02
   2.0711422e-02   2.0711422e-02   2.0711422e-02  -1.6555309e-01   2.0711422e-02   2.0697594e-01   7.6576948e-01   9.5203400e-01
   2.0711422e-02   2.0711422e-02   2.0711422e-02   2.0711422e-02   2.0711422e-02  -1.6555309e-01   7.6576948e-01   1.1382985e+00
   2.0711422e-02   2.0711422e-02   2.0711422e-02   2.0711422e-02   2.0711422e-02   2.0697594e-01   2.0697594e-01  -1.6555309e-01
   2.0711422e-02   2.0711422e-02   2.0711422e-02   2.0711422e-02   2.0711422e-02   2.0711422e-02  -1.6555309e-01   2.0711422e-02
   2.0711422e-02   2.0711422e-02   2.0711422e-02   2.0711422e-02   2.0697594e-01   3.9324045e-01   3.9324045e-01  -1.2831402e+00
   2.0711422e-02  -1.6555309e-01  -3.5181761e-01  -3.5181761e-01   2.0697594e-01   2.0711422e-02  -9.1061115e-01  -1.0968757e+00
   2.0711422e-02  -1.6555309e-01  -3.5181761e-01  -3.5181761e-01   5.7950497e-01   2.0697594e-01  -3.5181761e-01  -5.3808212e-01
  -3.9803916e+01  -4.6300864e+01  -5.0069774e+01  -5.3231889e+01  -5.5393150e+01  -5.5766953e+01  -5.5897683e+01  -5.5739007e+01
  -3.8023139e+01  -4.4166182e+01  -4.7506605e+01  -5.0803601e+01  -5.4012980e+01  -5.4912975e+01  -5.4959885e+01  -5.4797489e+01
  -3.7992664e+01  -4.3356836e+01  -4.8171779e+01  -5.1077498e+01  -5.3276844e+01  -5.3327932e+01  -5.3363311e+01  -5.3505196e+01
  -3.0369485e+01  -3.1366972e+01  -3.1817293e+01  -3.4997652e+01  -4.0405717e+01  -4.3063542e+01  -4.5473787e+01  -4.7411886e+01
  -2.7927805e+01  -3.4117496e+01  -4.1313377e+01  -4.4427916e+01  -4.5896511e+01  -4.6019943e+01  -4.5909682e+01  -4.5278652e+01
  -2.7216744e+01  -3.6474330e+01  -3.8968505e+01  -3.9878776e+01  -4.0984651e+01  -4.1259531e+01  -4.1438004e+01  -4.1317740e+01
  -2.8678271e+01  -3.8869644e+01  -4.1068413e+01  -4.2009839e+01  -4.2752236e+01  -4.2886555e+01  -4.2931556e+01  -4.3108081e+01
   4.8735018e+00   4.0881034e+00   2.8474061e+00   4.6201524e-01  -1.1474039e+00  -6.3865178e-01   4.7970293e-01   1.0713134e+00
   5.9143192e+00   5.3665187e+00   4.7990860e+00   2.1744890e+00  -5.0386989e-02   1.2205769e-01   1.7934749e+00   1.5306524e+00
   7.1861462e+00   5.9984165e+00   3.9436894e+00   2.9079224e+00   1.4364707e+00   2.8908033e+00   5.7160972e+00   3.1048827e+00
   5.5001563e+00   6.5843277e+00   7.1482424e+00   7.7935938e+00   4.2831538e+00   3.6488448e+00   3.6240931e+00   2.2373606e+00
   4.5853593e+00   5.2217772e+00   2.9309428e+00   1.3537580e+00  -3.0942789e-01   1.0481618e+00   2.8655772e+00   3.6062927e+00
   5.1302371e+00   1.3557796e+00  -1.8333952e-01   7.8088251e-01   2.4224301e-01  -1.5089151e+00  -2.1697030e-01   8.7269413e-01
   6.2660608e+00   1.5231294e+00  -2.1658173e-01   7.0850009e-01   2.2627332e-01  -1.6685445e+00   4.2911063e-02   1.1004193e+00
  -8.7561367e+00  -6.0638739e+00  -1.3982924e+00  -1.8172011e+00  -2.0896111e+00  -1.9445799e+00  -6.8522755e-01  -2.9365466e+00
  -1.0077591e+01  -6.1261548e+00  -2.7009911e+00  -3.5068667e+00  -2.8994807e+00  -7.5568307e-01  -2.9756221e-01  -3.3996358e+00
  -8.4645872e+00  -6.1317964e+00  -4.6923579e+00  -4.5931021e+00  -2.2788743e+00  -2.2666983e-02  -9.0077885e-01  -8.4464983e-01
  -6.6640228e+00  -6.8525782e+00  -6.6212111e+00  -7.0813418e+00  -5.8528538e+00  -3.5902576e+00  -3.0766583e+00  -2.2497248e+00
  -7.8300645e+00  -5.7616245e+00  -2.6067296e+00  -1.0864314e-01   2.0688945e-01   4.4380799e-02  -1.8524124e+00  -5.6948618e-01
  -5.7284615e+00  -5.7037975e+00  -1.7822219e+00   2.2453120e-01   1.0484296e-02  -1.2648846e+00  -4.9548671e-01  -3.7475267e-01
  -4.6783802e+00  -4.0833454e+00  -1.9578176e+00  -7.2124137e-01  -9.3494240e-01  -9.7505055e-01   1.0205173e-01  -1.1386196e+00
  -5.7258946e+01  -6.2975539e+01  -6.6908728e+01  -7.0384863e+01  -7.0884764e+01  -7.3097427e+01  -7.4131823e+01  -7.2913090e+01
  -5.5948090e+01  -6.2126824e+01  -6.6202939e+01  -6.9764804e+01  -6.9260139e+01  -7.1462410e+01  -7.3646684e+01  -7.1600752e+01
  -5.5329425e+01  -5.9275394e+01  -6.4835011e+01  -6.8899247e+01  -7.0258489e+01  -7.0856285e+01  -7.0698812e+01  -6.9877860e+01
  -5.0955269e+01  -5.4463923e+01  -5.5458474e+01  -5.5344300e+01  -5.7932256e+01  -5.9433134e+01  -6.1051777e+01  -6.4932543e+01
  -4.6873177e+01  -5.0964617e+01  -5.8207653e+01  -6.2483840e+01  -6.3498867e+01  -6.2211816e+01  -6.1554598e+01  -6.0865057e+01
  -4.2319762e+01  -5.0909606e+01  -5.5114044e+01  -5.7462641e+01  -5.7857475e+01  -5.7382551e+01  -5.7033474e+01  -5.8331841e+01
  -4.4248030e+01  -5.3598003e+01  -5.6714551e+01  -5.8354958e+01  -5.8644605e+01  -5.8778237e+01  -5.8419484e+01  -5.9569266e+01
  -5.8417039e+01  -6.4588384e+01  -6.8984470e+01  -7.0141287e+01  -7.2379122e+01  -7.1958686e+01  -7.0087135e+01  -7.0546033e+01
  -5.6547939e+01  -6.1573669e+01  -6.7096504e+01  -6.9746735e+01  -7.1956555e+01  -7.0909289e+01  -6.8235917e+01  -6.8415918e+01
  -5.5523246e+01  -6.0216021e+01  -6.6430287e+01  -6.7362423e+01  -6.9023614e+01  -6.8719105e+01  -6.8828240e+01  -7.1580944e+01
  -5.1386080e+01  -5.4515781e+01  -5.4249523e+01  -5.3264751e+01  -5.9219336e+01  -6.0086922e+01  -6.0825969e+01  -6.4007447e+01
  -4.6224938e+01  -5.0444913e+01  -5.7813995e+01  -5.9185791e+01  -6.0111363e+01  -6.1906521e+01  -6.3735851e+01  -6.3170985e+01
  -4.4293479e+01  -5.2150736e+01  -5.5276228e+01  -5.5943958e+01  -5.7504448e+01  -5.8927137e+01  -5.7728788e+01  -5.7242716e+01
  -4.4416364e+01  -5.4599118e+01  -5.7994594e+01  -5.8717432e+01  -5.9644306e+01  -6.0438498e+01  -5.8618248e+01  -5.9204596e+01
