   8.7356665e+00   8.9431055e+00   8.4888003e+00   3.8070322e+00   2.0937298e+00   4.4389111e+00   2.4284691e+00   2.2584804e+00
   7.8429161e+00   8.1223774e+00   8.8283563e+00   5.4134409e+00   2.8774302e+00   4.6006223e+00   1.6701695e+00   2.0600910e+00
   3.0514440e+00   4.7457590e+00   7.1180164e+00   4.8968080e+00   4.2859716e+00   4.3037477e+00   3.4452401e-01  -3.0977040e-01
   9.1429907e+00   8.1836290e+00   8.5976727e+00   8.0462007e+00   6.3628353e+00   7.9764077e+00   3.5183071e+00   3.0439621e+00
   6.6170916e+00   4.1827305e+00   3.7979657e+00   5.4823114e+00  -7.7720429e-01   8.8795921e-01  -1.0182824e+00  -1.5037957e+00
   4.8942823e+00   5.4095613e+00   5.5634598e-01  -1.3415761e+00   2.0654955e-01   2.2347956e+00   2.5247919e+00   7.2085040e-01
   4.3952996e+00   5.5861103e+00   1.3643212e+00   7.2239115e-01  -3.0025148e-01   1.6385992e+00   3.1683775e+00   2.2890303e+00
  -2.8079438e+00  -2.9445141e+00  -4.5619961e+00  -3.6266159e+00  -6.5317804e+00  -1.6164356e+00   4.2812013e-01  -5.2925583e+00
  -5.2266644e+00  -5.4629051e+00  -5.7807219e+00  -4.4486354e+00  -6.7136046e+00  -3.9303446e+00  -1.8682713e+00  -4.7667335e+00
  -5.2238710e+00  -4.9082340e+00  -6.3625012e+00  -3.1575411e+00  -3.3291890e+00  -4.7113718e+00  -3.4810022e+00  -4.5581941e+00
  -8.7920987e+00  -8.9794923e+00  -7.9821619e+00  -7.1011768e+00  -9.3817015e+00  -7.0549423e+00  -4.5045404e+00  -4.1722032e+00
  -6.7430650e+00  -5.1794773e+00  -4.0054709e+00  -2.6619006e+00  -2.6564127e+00  -1.7848732e+00   1.7632443e+00  -1.2983689e-01
  -5.9778242e+00  -3.0196758e+00  -4.6368595e+00  -3.9732464e+00  -2.0361036e+00  -2.6259486e-01   7.5022714e-01   7.6699488e-01
  -4.3420500e+00  -2.4413217e+00  -3.1909251e+00  -2.9932479e+00  -1.6820128e+00  -3.2686384e+00  -1.3098955e+00  -3.5002155e-01
  -1.6421358e-01  -9.4864883e-02  -5.9241313e-02   4.3124735e-01  -3.4273140e-01  -1.5750931e+00  -3.1126599e+00  -3.0559732e+00
  -7.4650147e-02  -2.9614914e-01  -3.3591162e-01  -5.4455959e-01  -1.6488060e+00  -1.9508709e+00  -2.6215417e+00  -2.5643800e+00
   4.0177329e-02  -7.3456032e-01  -1.5886199e+00  -2.7613086e+00  -4.0998928e+00  -3.0068444e+00  -2.2630495e+00  -2.0897535e+00
   1.2190479e-01   5.4801129e-02   6.1762039e-02   6.5797371e-01   9.8592638e-01   2.8328271e-01   1.0183882e+00   2.4938901e-01
   8.2786665e-02  -7.5640495e-02  -6.8404692e-01  -2.6097086e-01   1.7655673e-01   4.7381753e-02   1.6914626e-01  -7.7657750e-01
  -1.0177569e-01   1.6659193e-01   2.3653409e-01   3.2738250e-01   5.5043623e-01   5.2964321e-01   1.3775856e-01  -1.2006701e-01
  -1.0466780e-02  -8.0301773e-02  -1.4870786e-02   4.4589792e-01   1.8729825e-01  -4.4729329e-02  -7.4544642e-01  -2.5481076e-01
  -1.6555309e-01   2.0711422e-02   2.0711422e-02   2.0697594e-01   3.9324045e-01  -3.5181761e-01  -4.2633724e+00  -2.9595208e+00
   2.0711422e-02  -1.6555309e-01   2.0711422e-02   2.0711422e-02  -1.6555309e-01  -7.2434664e-01  -4.0771079e+00  -3.1457853e+00
   2.0697594e-01   2.0697594e-01   2.0711422e-02  -5.3808212e-01  -6.4985466e+00  -3.5183144e+00  -2.5869918e+00  -2.9595208e+00
   2.0711422e-02   2.0711422e-02   2.0711422e-02   2.0697594e-01   2.0697594e-01   2.0697594e-01   3.9324045e-01   2.0697594e-01
   2.0697594e-01   2.0711422e-02  -1.6555309e-01  -3.5181761e-01   2.0711422e-02   2.0697594e-01   2.0697594e-01  -1.4694047e+00
  -1.6555309e-01   2.0711422e-02   2.0697594e-01   3.9324045e-01   7.6576948e-01   7.6576948e-01   3.9324045e-01   2.0697594e-01
  -1.6555309e-01  -1.6555309e-01   2.0711422e-02   7.6576948e-01   5.7950497e-01  -1.6555309e-01  -1.2831402e+00   2.0711422e-02
  -4.2701877e+01  -4.7285550e+01  -4.9051085e+01  -5.0285683e+01  -5.1480360e+01  -5.1891445e+01  -5.1958748e+01  -5.2196632e+01
  -4.0170685e+01  -4.5179528e+01  -4.6809735e+01  -4.8488187e+01  -4.9859842e+01  -5.0468814e+01  -5.0787635e+01  -5.1284356e+01
  -3.9730149e+01  -4.3793051e+01  -4.6395519e+01  -4.7585226e+01  -4.8048706e+01  -4.9376481e+01  -4.9628568e+01  -4.8855277e+01
  -2.9205997e+01  -3.0209585e+01  -3.1594881e+01  -3.4609062e+01  -3.8098327e+01  -4.1023748e+01  -4.2987293e+01  -4.4434241e+01
  -3.0300655e+01  -3.6774198e+01  -4.0888378e+01  -4.2307071e+01  -4.3212431e+01  -4.3832899e+01  -4.4211710e+01  -4.4502393e+01
  -2.9197493e+01  -3.6150622e+01  -3.8240120e+01  -3.8983726e+01  -3.9637063e+01  -3.9678172e+01  -3.9508074e+01  -3.9617185e+01
  -3.1964947e+01  -3.8206582e+01  -3.9967530e+01  -3.9636784e+01  -3.9770595e+01  -4.0065519e+01  -4.0284467e+01  -4.0937823e+01
   4.7225133e+00   5.0921222e+00   5.3754694e+00   5.0196446e+00   1.2743960e+00  -1.0627347e+00  -2.0602972e-01  -1.3919817e+00
   4.8654185e+00   5.6902114e+00   5.9879649e+00   6.0706978e+00   1.4922295e+00  -8.0321146e-01   9.5044609e-01   3.1663548e-01
   6.1796754e+00   6.7364909e+00   5.1376999e+00   5.0180847e+00   2.4181435e+00  -2.8281959e+00  -6.9636436e-01  -3.4431839e+00
   6.1074061e+00   6.4705848e+00   7.1578178e+00   5.7950647e+00   4.7460531e+00   1.0733398e+00  -7.3883563e-02  -1.6968542e+00
   6.0087090e+00   5.9170429e+00   3.4867643e+00  -7.5362283e-01  -1.3161154e+00  -6.6129419e-01   1.0783854e+00   1.2087017e+00
   6.6004931e+00   4.4748722e+00   3.4355401e+00   1.3910143e+00   1.0167128e+00  -4.7255274e-02  -9.2289988e-02  -2.2554973e-01
   5.3352540e+00   3.4467037e+00   3.0362163e+00   2.5793129e+00   1.8389158e+00  -7.5281695e-01  -2.4069117e+00  -1.8555688e+00
  -6.2106906e+00  -5.9422215e+00  -4.9171711e+00  -3.4899819e+00   1.6808096e+00   1.9123203e-01  -2.8776306e+00  -4.6023499e-01
  -6.7429397e+00  -6.6946953e+00  -4.8128579e+00  -4.1132591e+00  -4.6668981e-01  -5.1974255e-01  -1.3565305e+00  -1.5558886e+00
  -7.0535057e+00  -7.9717121e+00  -5.7405792e+00  -4.4623658e+00  -4.3936597e+00  -1.7157888e+00  -7.2673912e-01   1.8126326e+00
  -7.5413442e+00  -8.3820700e+00  -8.1407034e+00  -5.1172424e+00  -3.3389446e+00  -4.7941710e+00  -2.7733758e+00   3.9082652e-01
  -4.9473355e+00  -5.8614680e+00  -3.4461429e+00  -1.8442493e+00  -8.0602277e-01  -1.0870330e-01   3.1617841e-01   1.8621300e+00
  -4.9872712e+00  -4.3931299e+00  -1.0430771e-01   1.1547387e-01  -1.3654743e+00  -9.6918232e-01  -1.8099653e+00  -9.1779013e-03
  -4.0808287e+00  -3.7625438e+00  -1.4338554e+00  -4.8235871e-01  -1.0319109e+00   1.0227514e-02  -2.8196850e+00  -3.3370177e-01
  -5.9033095e+01  -6.5677892e+01  -6.9507065e+01  -6.9409363e+01  -6.9805577e+01  -7.0394018e+01  -7.1226167e+01  -6.9095928e+01
  -5.6881304e+01  -6.3175116e+01  -6.7617194e+01  -6.8629167e+01  -6.8111171e+01  -6.8660015e+01  -7.0062799e+01  -6.9333510e+01
  -5.6493610e+01  -6.1682264e+01  -6.5945413e+01  -6.6431095e+01  -6.7347782e+01  -6.5790303e+01  -6.6508498e+01  -6.5162355e+01
  -4.9593048e+01  -5.0299895e+01  -5.1977844e+01  -5.3453984e+01  -5.8049918e+01  -5.8645902e+01  -5.9207266e+01  -6.0153458e+01
  -4.7191241e+01  -5.2116261e+01  -5.5966285e+01  -5.7864127e+01  -5.7751155e+01  -5.9009970e+01  -5.9757935e+01  -5.9406999e+01
  -4.3965368e+01  -5.1537825e+01  -5.3639482e+01  -5.4105711e+01  -5.6804679e+01  -5.6057385e+01  -5.5669001e+01  -5.5202567e+01
  -4.5821450e+01  -5.3872216e+01  -5.5926978e+01  -5.6548313e+01  -5.7751400e+01  -5.5741526e+01  -5.6025306e+01  -5.7096569e+01
  -5.6847675e+01  -6.2492936e+01  -6.5724581e+01  -6.7883096e+01  -6.7933934e+01  -6.6901120e+01  -6.8520472e+01  -6.9406244e+01
  -5.5442191e+01  -6.2419745e+01  -6.3776612e+01  -6.5664430e+01  -6.7181876e+01  -6.6202944e+01  -6.7818956e+01  -7.0017148e+01
  -5.3496017e+01  -5.9622559e+01  -6.3004950e+01  -6.3936741e+01  -6.6634683e+01  -6.5778030e+01  -6.4481703e+01  -6.4162571e+01
  -4.8060776e+01  -5.0512934e+01  -5.0429539e+01  -5.1369149e+01  -5.6915092e+01  -5.8607746e+01  -5.9620574e+01  -6.0249360e+01
  -4.5205557e+01  -5.1627222e+01  -5.6442935e+01  -5.8686229e+01  -6.0073036e+01  -5.9619567e+01  -5.9985126e+01  -6.0627972e+01
  -4.4761682e+01  -5.0757235e+01  -5.3407523e+01  -5.4451236e+01  -5.6766783e+01  -5.6697573e+01  -5.5251128e+01  -5.4571406e+01
  -4.6452404e+01  -5.3337403e+01  -5.5466752e+01  -5.5814825e+01  -5.7239305e+01  -5.7877414e+01  -5.7391156e+01  -5.6153153e+01
