   5.2559806e+00   6.5143347e+00   5.3287417e+00   5.3252771e+00   3.6244127e+00   8.9786846e-01  -7.7783077e-01   4.9354888e-01
   5.5196456e+00   6.2015717e+00   6.0832454e+00   6.5226545e+00   4.8747653e+00   1.8307174e+00  -8.3959221e-01  -4.5254491e-01
   5.0903012e+00   6.8344958e+00   7.4661728e+00   6.6846667e+00   2.8583300e+00   1.3498482e+00   1.9156768e-01   3.5554552e-01
   1.0093488e+01   7.9769239e+00   8.4918074e+00   7.3144962e+00   5.8904557e+00   4.9193168e+00   3.2563188e+00  -1.0266808e-01
   6.2275651e+00   4.3753919e+00   2.2464079e+00   3.6561725e+00   1.0291388e-02  -6.5733936e-01  -1.9599011e+00  -1.8609495e+00
   3.1780862e+00   2.5668182e+00   2.1878145e+00   3.2468472e-01   6.2034506e-01   1.8359733e+00   2.5073923e+00   2.2344916e+00
   2.8944149e+00   2.5075845e+00   1.9300084e+00   7.7069372e-01   9.7209163e-01   2.7642553e+00   2.6906806e+00   3.0581007e-02
  -4.2892868e+00  -5.3159900e+00  -5.6833955e+00  -4.4106587e+00  -3.1111943e+00  -3.1011395e+00  -1.5403693e+00  -1.5542715e+00
  -5.0444971e+00  -6.4147122e+00  -6.4917271e+00  -4.6099468e+00  -2.1142744e+00  -2.5874982e+00  -3.1670670e+00  -2.0901429e+00
  -5.6055652e+00  -5.1345181e+00  -7.1353790e+00  -4.5811850e+00  -1.6212438e+00  -9.6417452e-01  -2.5115856e-02   1.1982885e-01
  -8.9504042e+00  -7.0123810e+00  -7.0128377e+00  -5.0693774e+00  -4.0718790e+00  -5.0106015e+00  -4.8707978e+00  -2.1789239e+00
  -8.6458601e+00  -4.9684487e+00  -3.4038371e+00  -1.7160966e+00  -1.7294573e+00  -8.4049367e-01  -1.7240981e+00  -1.7562557e+00
  -4.1895647e+00  -3.5110702e+00  -1.0906685e+00  -8.8319367e-01  -6.8460188e-01  -2.0894393e+00  -1.3460446e+00  -1.3253460e+00
  -2.4045410e+00  -3.5327967e+00  -9.6768010e-01  -1.8082336e+00  -1.5906467e+00  -3.0233810e+00  -2.1091099e+00  -3.3451419e-01
   3.4223019e-01   2.0734852e-01   2.8015511e-01  -2.0310272e-01   4.4167710e-01   8.1236064e-01   3.7374659e-01   4.1133343e-01
   2.6267547e-01   2.1521139e-01   2.0587511e-01  -1.8830072e-01   3.6719083e-01   8.1689975e-01   3.9047621e-01   2.6888421e-01
   8.6985818e-02  -5.0739767e-02  -2.7861569e-01  -4.5540438e-01  -5.8234513e-02  -2.9105574e-01  -1.5998004e-01  -9.6244362e-02
   1.0881591e-01   7.6070811e-02  -3.6901310e-02  -1.5767323e-01  -2.3027327e-01  -9.9830945e-02  -2.2858059e-01  -1.5277257e-01
   8.6531153e-02  -8.1716181e-02  -8.8016937e-01  -1.1604472e+00  -2.0550490e-01   4.1654714e-02  -3.3122886e-01  -9.3329019e-01
  -1.4083813e-02   9.2112566e-02   8.8369648e-02  -5.4530101e-01  -5.1195101e-02   4.4220952e-01   3.9542682e-01  -5.7585033e-02
   4.0252247e-02   3.3119690e-01   3.4329126e-01   9.5889703e-03   7.1476574e-01   8.2870936e-01   4.4950488e-01   1.5708094e-01
   3.9324045e-01   2.0711422e-02   2.0697594e-01   2.0711422e-02   2.0697594e-01   3.9324045e-01   3.9324045e-01   7.6576948e-01
   3.9324045e-01   2.0697594e-01   2.0711422e-02   2.0711422e-02   2.0697594e-01   7.6576948e-01   3.9324045e-01   3.9324045e-01
   2.0711422e-02   2.0711422e-02  -1.6555309e-01  -1.6555309e-01  -1.6555309e-01  -3.5181761e-01  -1.6555309e-01  -3.5181761e-01
   2.0711422e-02   2.0711422e-02   2.0697594e-01   2.0711422e-02   2.0711422e-02   2.0711422e-02   2.0711422e-02   2.0711422e-02
   2.0697594e-01   2.0711422e-02  -3.5181761e-01  -9.1061115e-01  -1.6555309e-01   2.0711422e-02  -5.3808212e-01  -1.2831402e+00
   2.0711422e-02  -1.6555309e-01   2.0711422e-02  -3.5181761e-01   2.0711422e-02   2.0697594e-01   2.0697594e-01  -1.6555309e-01
   2.0711422e-02   2.0711422e-02   2.0697594e-01   2.0697594e-01   9.5203400e-01   7.6576948e-01   3.9324045e-01   3.9324045e-01
  -4.2852654e+01  -4.9608482e+01  -5.2397892e+01  -5.3629058e+01  -5.4274166e+01  -5.4666523e+01  -5.4752230e+01  -5.4433820e+01
  -4.0795966e+01  -4.8008399e+01  -5.0822729e+01  -5.2359995e+01  -5.3547541e+01  -5.3825638e+01  -5.3914355e+01  -5.3786678e+01
  -4.0065452e+01  -4.5882674e+01  -4.8700407e+01  -5.0165785e+01  -5.0979649e+01  -5.1347138e+01  -5.1443774e+01  -5.1672642e+01
  -3.0702008e+01  -3.2379592e+01  -3.3987503e+01  -3.7182036e+01  -4.0308594e+01  -4.1644062e+01  -4.2403836e+01  -4.2801342e+01
  -3.0733853e+01  -3.6596085e+01  -4.0946751e+01  -4.1916151e+01  -4.2328669e+01  -4.2531652e+01  -4.2711313e+01  -4.1993547e+01
  -3.0003415e+01  -3.6156776e+01  -3.7680223e+01  -3.7863542e+01  -3.7886737e+01  -3.8133944e+01  -3.8067635e+01  -3.7574456e+01
  -3.2167799e+01  -3.8563983e+01  -3.9749954e+01  -3.9661072e+01  -3.9704279e+01  -3.9993192e+01  -3.9673173e+01  -3.8905264e+01
   5.1869596e+00   4.6776353e+00   3.0878403e+00   1.5095728e+00   3.0824615e+00   2.2177178e+00   1.6166711e+00   4.0285759e-01
   6.3569786e+00   5.0623224e+00   3.0268745e+00   1.4520344e+00   1.0721567e+00   7.7584553e-01   1.5054443e+00   1.2624776e+00
   7.3456126e+00   4.7529198e+00   1.6657363e+00  -3.7976061e-01  -1.0157829e+00   5.0483721e-02   2.1703549e+00   8.5812472e-01
   7.3182405e+00   8.2904227e+00   6.1579105e+00   5.0845073e+00   2.4324071e+00   2.3164451e+00   9.1900358e-01   1.5176315e+00
   6.6233138e+00   6.1376342e+00   2.0358632e+00  -9.3506382e-01   3.8491073e-01  -2.1065266e+00  -1.7930703e+00  -7.0541532e-01
   5.7654691e+00   3.2457437e+00   7.4366522e-02   4.5201733e-01   5.9008397e-01  -4.0562921e-01  -3.7699288e-01  -7.7618832e-01
   5.5166847e+00   3.1347896e+00   1.2409668e+00   4.9220463e-01   3.7126236e-01  -4.0786142e-01  -7.7738871e-01  -3.2627359e-01
  -7.7591679e+00  -4.7737679e+00  -3.1846256e+00  -7.6176743e-01   1.9411829e-01  -2.1417566e+00  -1.1774683e+00   5.0392433e-01
  -7.3966541e+00  -4.5578926e+00  -2.6241071e+00  -1.1339626e+00  -1.1317129e+00  -2.6677229e+00  -5.8724332e-01   1.6973101e+00
  -5.2357277e+00  -3.5158144e+00  -1.4860204e+00  -3.3439454e+00  -1.8478871e+00   9.4352975e-02   5.2592119e-01  -2.7281642e-01
  -7.8795356e+00  -6.6398648e+00  -7.0713732e+00  -4.7788271e+00  -2.2152392e+00  -9.5754605e-01  -2.2159311e+00  -3.0836953e-01
  -6.7086345e+00  -4.9841847e+00  -1.2976609e+00  -3.2201774e-01  -9.9464583e-01  -7.7389855e-01   9.3298052e-02   1.3091571e+00
  -5.6949050e+00  -2.5992096e+00  -2.7320762e-01   1.8796367e-01  -3.2742712e-01  -9.5100022e-01  -5.0917041e-01  -5.0643523e-01
  -5.2579858e+00  -2.0147883e+00  -1.0922292e+00   1.1267555e+00   7.8479641e-01  -5.8414215e-01   2.1342910e-02   7.1301272e-02
  -6.0575520e+01  -6.5902805e+01  -6.8916821e+01  -7.0833339e+01  -7.1582809e+01  -7.1100048e+01  -6.9789619e+01  -7.0674537e+01
  -5.8264663e+01  -6.5283203e+01  -6.7599987e+01  -6.9762694e+01  -7.1185597e+01  -7.0627970e+01  -6.8822375e+01  -6.9833315e+01
  -5.7240133e+01  -6.2257915e+01  -6.6058266e+01  -6.7023966e+01  -6.6781183e+01  -6.7806000e+01  -6.8539690e+01  -6.7888647e+01
  -5.0785726e+01  -5.4006831e+01  -5.4059934e+01  -5.5042917e+01  -5.6908667e+01  -5.7401410e+01  -5.8470197e+01  -6.0036495e+01
  -4.8113460e+01  -5.1168635e+01  -5.5376607e+01  -5.7617313e+01  -5.8464782e+01  -5.7634386e+01  -5.7744339e+01  -5.7636817e+01
  -4.4004543e+01  -4.9959625e+01  -5.3507733e+01  -5.4537464e+01  -5.4283352e+01  -5.4175640e+01  -5.3843729e+01  -5.3993935e+01
  -4.6101135e+01  -5.3366687e+01  -5.5701531e+01  -5.6084805e+01  -5.6015822e+01  -5.6076193e+01  -5.5454178e+01  -5.5560056e+01
  -5.6893176e+01  -6.4611737e+01  -6.8454208e+01  -6.9151312e+01  -6.9990127e+01  -7.2752330e+01  -7.1114276e+01  -7.0112230e+01
  -5.5069850e+01  -6.2777534e+01  -6.5908729e+01  -6.7261889e+01  -6.8899693e+01  -7.0288441e+01  -7.0018010e+01  -6.9126442e+01
  -5.6001272e+01  -6.1836080e+01  -6.5896272e+01  -6.7997088e+01  -6.7728451e+01  -6.7656356e+01  -6.6731419e+01  -6.6814281e+01
  -4.9993508e+01  -4.9543387e+01  -5.1097527e+01  -5.2388436e+01  -5.5604639e+01  -5.7161692e+01  -6.0429455e+01  -5.9124415e+01
  -4.8544685e+01  -5.1246570e+01  -5.6043146e+01  -5.8108564e+01  -5.9748654e+01  -5.9003233e+01  -5.9455485e+01  -5.8346168e+01
  -4.4889732e+01  -5.1566929e+01  -5.2609636e+01  -5.3150329e+01  -5.3703082e+01  -5.6408322e+01  -5.4520415e+01  -5.3935364e+01
  -4.6081553e+01  -5.4437845e+01  -5.4823527e+01  -5.4188049e+01  -5.5346968e+01  -5.8736398e+01  -5.6420755e+01  -5.4850201e+01
