   8.0705255e+00   6.1200438e+00   7.4859887e+00   7.4775250e+00   4.9503301e+00   3.0682530e+00   9.7136162e-01   1.6125153e+00
   6.3154133e+00   5.3598866e+00   5.9628539e+00   5.7831138e+00   5.5438496e+00   3.2392970e+00   1.6005662e+00   3.5677021e+00
   6.2888853e+00   8.9240203e+00   8.7573468e+00   6.8318687e+00   8.0318870e+00   7.5162680e+00   9.3078622e+00   1.0872772e+01
   1.5160459e+01   1.0593463e+01   9.6940175e+00   6.2700230e+00   6.7491911e+00   9.0654159e+00   8.8342358e+00   7.9740385e+00
   1.2175751e+01   8.1899659e+00   7.0025738e+00   5.2853547e+00   1.5324947e+00   4.4767498e+00   3.3822043e+00   8.8223534e-01
   8.7437754e+00   6.9093405e+00   3.1952408e+00   1.3572082e+00   4.0658692e+00   6.4376195e+00   6.3099757e+00   4.3285596e+00
   7.5784181e+00   3.9775140e+00   2.2055161e+00   1.0083453e+00   4.2688204e+00   6.5297124e+00   6.2943250e+00   4.3339847e+00
  -4.3044393e+00  -7.6627026e+00  -3.7549481e+00  -3.3073987e+00  -1.7060412e+00  -2.0072127e+00  -3.3754491e+00  -1.1143852e+00
  -3.8274566e+00  -5.3404683e+00  -1.0867553e+00  -1.5672005e+00  -2.8451656e+00  -3.7078144e+00  -3.6528182e+00  -2.4759206e+00
  -5.4715020e+00  -6.1866084e+00  -3.4418370e+00  -3.5775165e+00  -7.1944652e+00  -8.7835274e+00  -6.9155441e+00  -9.0982312e+00
  -1.4699421e+01  -1.5155327e+01  -1.4757647e+01  -9.4833609e+00  -7.6498300e+00  -9.0460739e+00  -7.2713009e+00  -9.4598054e+00
  -9.0308660e+00  -9.9116372e+00  -1.0462594e+01  -5.8301503e+00  -1.3243174e+00  -2.9730330e+00  -3.2162285e+00  -1.4183046e+00
  -5.9004493e+00  -3.7972144e+00  -2.0743939e+00   2.1107649e+00   4.4296290e-01  -1.0347252e+00  -1.3767847e+00  -3.4033861e-01
  -6.3689640e+00  -3.1470173e+00  -9.6399344e-01   2.6042559e+00   4.7803253e-01  -1.1300660e+00  -1.3435634e+00  -6.1416684e-01
   5.3638844e-01   1.1008193e+00   1.2430948e+00   1.2761838e+00   7.0976512e-01   5.5080669e-01   1.1044027e+00   8.5941853e-01
   7.9868119e-01   1.2853666e+00   1.2778715e+00   1.3203355e+00   9.0259334e-01   9.7844115e-01   1.3818200e+00   1.0826622e+00
   4.5294385e-01   4.8850454e-01   3.6904232e-01   5.4344699e-01   9.9527699e-01   1.3957435e+00   1.2071440e+00   9.1604301e-01
   2.6699678e-03   6.5121924e-02  -4.7729542e-02   5.7854122e-02   3.2890074e-01   2.8140672e-01   5.4352654e-01   5.2617759e-01
  -2.7429233e-02   1.3954474e-01   2.2747062e-01   4.1853874e-01   9.4775932e-01   6.5125812e-01   1.0461229e+00   1.2478711e+00
   7.7735915e-02   5.5730103e-01   4.6758417e-01   6.1561030e-01   1.6911020e+00   1.1365194e+00   1.0473734e+00   1.2932447e+00
   1.6791916e-01   7.7758460e-01   5.7098783e-01   7.8979767e-01   1.8756756e+00   1.2629447e+00   1.1615134e+00   1.4557712e+00
   5.6617260e-02   2.4288177e-01   5.6617260e-02   5.6617260e-02   5.6617260e-02  -3.1591177e-01   5.6617260e-02   2.4288177e-01
   5.6617260e-02   2.4288177e-01   2.4288177e-01   2.4288177e-01   5.6617260e-02  -1.2964725e-01   5.6617260e-02   5.6617260e-02
  -1.2964725e-01  -1.2964725e-01  -1.2964725e-01  -1.2964725e-01   5.6617260e-02   5.6617260e-02   5.6617260e-02   5.6617260e-02
   5.6617260e-02   5.6617260e-02   5.6617260e-02  -1.2964725e-01   5.6617260e-02  -1.2964725e-01  -1.2964725e-01   5.6617260e-02
  -1.2964725e-01   5.6617260e-02   5.6617260e-02  -1.2964725e-01   2.4288177e-01   4.2914629e-01   4.2914629e-01   6.1541080e-01
  -1.2964725e-01   5.6617260e-02  -1.2964725e-01   5.6617260e-02   1.3604689e+00   8.0167532e-01   8.0167532e-01   1.5467334e+00
  -1.2964725e-01   5.6617260e-02  -1.2964725e-01   2.4288177e-01   1.3604689e+00   8.0167532e-01   8.0167532e-01   1.9192624e+00
  -3.8144878e+01  -4.1485117e+01  -4.3953915e+01  -4.8112905e+01  -5.1920837e+01  -5.2442762e+01  -5.2839380e+01  -5.2893295e+01
  -3.6606218e+01  -3.9092902e+01  -4.0968736e+01  -4.5306363e+01  -4.9651549e+01  -5.0201946e+01  -5.0651251e+01  -5.0573112e+01
  -3.3026474e+01  -3.4258650e+01  -3.5921380e+01  -4.0187240e+01  -4.4062943e+01  -4.4614398e+01  -4.5101436e+01  -4.4559684e+01
  -2.6353917e+01  -2.8200206e+01  -3.0609767e+01  -3.4822279e+01  -3.8913502e+01  -4.0054990e+01  -4.1368410e+01  -4.1389861e+01
  -2.6172751e+01  -3.0849541e+01  -3.5518863e+01  -3.8793810e+01  -4.0963416e+01  -4.1641304e+01  -4.2199838e+01  -4.2276886e+01
  -2.8245401e+01  -3.5538275e+01  -3.7793562e+01  -3.7908181e+01  -3.8132060e+01  -3.9181718e+01  -4.0894063e+01  -4.0470728e+01
  -2.9347240e+01  -3.6451978e+01  -3.7983618e+01  -3.8014887e+01  -3.8255077e+01  -3.9456695e+01  -4.1395114e+01  -4.0832919e+01
   3.8242500e+00   1.8849954e+00   1.0845596e+00   1.2111723e+00   1.7697956e-01  -3.7520966e-01   8.7710299e-02  -2.0918085e+00
   2.6173645e+00   3.9522481e-01   3.1200798e-01   4.2253693e-01   6.1186678e-02  -1.9860825e-01   4.1602001e-01  -1.4334780e+00
   1.5755064e+00  -2.2562446e-01   1.3352819e+00   3.6824788e+00   3.4720347e+00   3.0318805e+00   2.3233876e+00   2.3902288e+00
   6.7315992e+00   6.8330055e+00   7.8154050e+00   7.7467625e+00   5.6956479e+00   3.6370476e+00   2.9922334e+00   2.8010045e+00
   8.0449613e+00   8.0291744e+00   6.4819233e+00   4.3718491e+00   1.8389329e+00   1.3363941e+00   1.3670530e+00   2.0484326e+00
   6.7688664e+00   2.9515130e+00   2.2279659e+00   4.6509419e+00   5.1676244e-01   1.5183602e+00   9.8322538e-01  -6.4036133e-01
   6.2187266e+00   1.7644056e+00   1.9144739e+00   5.0196742e+00   5.6870919e-01   1.9213642e+00   1.7546522e+00  -8.4940215e-01
  -4.7335523e+00  -2.5182158e+00  -2.0971041e+00  -2.7665736e+00  -3.4579053e+00  -1.5246651e+00   2.1874912e-02  -2.7373923e+00
  -3.3980866e+00  -8.8367907e-01  -1.0785705e+00  -1.4008901e+00  -1.9676972e+00  -4.0607447e-01   4.0886840e-01  -2.3346657e+00
  -1.6719659e+00  -2.3841832e-01  -2.1951043e-01  -2.1721134e+00  -1.8828151e+00  -5.5000988e-01  -1.2562056e+00  -2.8455077e+00
  -6.0947633e+00  -6.6555520e+00  -3.4721156e+00  -4.5826872e+00  -4.4970234e+00  -4.0117233e+00  -3.9091193e+00  -1.7647864e+00
  -7.7915195e+00  -9.1404856e+00  -4.7556078e+00  -1.4162723e+00  -1.3348737e+00  -2.2112527e+00  -6.0957162e-01   5.9147325e-01
  -5.4425185e+00  -4.6349050e+00  -3.6341056e+00  -1.2392178e+00  -1.7367157e+00  -2.6098367e+00  -9.4741486e-01   5.9788683e-01
  -4.7835172e+00  -3.0270616e+00  -3.8136664e+00  -1.3989143e+00  -2.1382010e+00  -2.6121037e+00  -9.2788697e-01   6.1642345e-01
  -5.1762729e+01  -5.5990829e+01  -5.9302704e+01  -6.3149153e+01  -6.6521047e+01  -6.5844080e+01  -6.5929662e+01  -6.8257688e+01
  -4.9691081e+01  -5.3410157e+01  -5.5837716e+01  -6.0383675e+01  -6.4600645e+01  -6.3935070e+01  -6.4198353e+01  -6.6442066e+01
  -4.7369454e+01  -4.9014896e+01  -4.9972424e+01  -5.3173577e+01  -5.8005849e+01  -5.8174318e+01  -5.9603339e+01  -6.1298337e+01
  -4.4745055e+01  -4.6057398e+01  -4.4796576e+01  -4.5581719e+01  -5.1453106e+01  -5.3499888e+01  -5.5131334e+01  -5.6671064e+01
  -4.0798056e+01  -4.4761281e+01  -4.9520748e+01  -5.1127683e+01  -5.5928071e+01  -5.6910337e+01  -5.7418972e+01  -5.7446321e+01
  -4.0950918e+01  -4.9216722e+01  -5.2421247e+01  -5.2329865e+01  -5.3920851e+01  -5.5940893e+01  -5.7384738e+01  -5.7493429e+01
  -4.1723136e+01  -5.0531592e+01  -5.2600713e+01  -5.2254900e+01  -5.3809654e+01  -5.6237687e+01  -5.7916526e+01  -5.8054527e+01
  -5.2012594e+01  -5.6687999e+01  -5.9075080e+01  -6.3298813e+01  -6.8044006e+01  -6.9192396e+01  -6.9636385e+01  -6.8639087e+01
  -5.0529111e+01  -5.4307264e+01  -5.6072167e+01  -6.1027276e+01  -6.6261841e+01  -6.7782634e+01  -6.8413117e+01  -6.7556650e+01
  -4.9206729e+01  -5.0605738e+01  -5.2054653e+01  -5.5877256e+01  -6.0689024e+01  -6.2804995e+01  -6.3427505e+01  -6.3614591e+01
  -4.6902380e+01  -4.7577278e+01  -4.9655891e+01  -5.0570324e+01  -5.4302249e+01  -5.6269355e+01  -5.7682602e+01  -5.9747565e+01
  -4.1945792e+01  -4.5819775e+01  -5.1723394e+01  -5.4069260e+01  -5.6114586e+01  -5.5862035e+01  -5.8569990e+01  -5.9551202e+01
  -4.1791487e+01  -5.0110946e+01  -5.2544593e+01  -5.1898711e+01  -5.2396852e+01  -5.2014604e+01  -5.5976677e+01  -5.7455252e+01
  -4.3048327e+01  -5.2117977e+01  -5.2908146e+01  -5.1918240e+01  -5.2344252e+01  -5.2273768e+01  -5.6724258e+01  -5.8129910e+01
