   1.0822605e+01   5.8039543e+00   7.4302815e+00   4.8286586e+00   2.6696108e+00   1.9048817e-01  -4.2191163e-01  -8.9149247e-01
   1.0867683e+01   6.9585567e+00   6.9825357e+00   3.7156469e+00   2.4316268e+00   3.3627657e-01   8.2302364e-02  -5.3389242e-01
   1.1910867e+01   1.3661730e+01   1.1225477e+01   6.6677037e+00   3.7694890e+00   2.1367637e+00   6.0666813e-01  -1.2166242e-01
   1.5145243e+01   1.7326225e+01   1.6393429e+01   1.0114778e+01   9.7096208e+00   8.1610795e+00   1.5663113e+00   2.4398168e+00
   8.3099166e+00   7.5642028e+00   1.0755447e+01   6.2471258e+00   3.0520429e+00   5.3653448e-02  -8.2377784e-01  -6.8411861e-01
   6.7983879e+00   2.0154594e+00   3.6468812e+00   1.2818449e+00  -8.0578662e-01  -2.7046257e-01  -1.3521704e+00  -5.3042565e-01
   6.7634936e+00   7.1199478e-01   5.0521090e+00   2.3793526e+00  -1.0662763e+00  -3.1072629e-01  -1.6877969e+00  -4.7900709e-01
  -4.4566382e+00  -5.5576062e+00  -9.0651944e+00  -5.2354494e+00  -1.8631703e+00  -1.1545773e+00   1.2392569e+00   5.9552920e-01
  -3.1007716e+00  -4.8484424e+00  -6.6168768e+00  -2.9838533e+00  -1.1537629e+00  -7.9501878e-01   1.1432337e+00   8.4423119e-01
  -5.2204357e+00  -7.7283761e+00  -6.7195719e+00  -3.5453602e+00  -1.5497226e+00  -1.5151653e+00   5.3859001e-02   1.1844716e+00
  -1.0781008e+01  -1.2248797e+01  -1.2228622e+01  -8.1474522e+00  -9.4940827e+00  -6.4728365e+00  -2.7245835e+00  -2.2076481e-01
  -7.6049014e+00  -6.1581694e+00  -9.3293709e+00  -5.8093449e+00  -2.8312384e+00  -2.0043851e+00  -2.4897070e+00  -4.9116849e-02
  -6.4626299e+00  -5.3347227e+00  -4.0541267e+00   7.4392358e-01   2.3454888e+00   1.0999781e+00  -9.5728154e-01   1.8431671e+00
  -6.2606494e+00  -5.3100200e+00  -4.3786002e+00   1.0226178e+00   2.5485816e+00   9.6436948e-01  -8.1444769e-01   1.9285203e+00
  -1.6988657e-01  -9.9537926e-02  -1.8614285e-01  -5.6275975e-01  -1.5525753e-01  -6.2874840e-01  -8.8780070e-01  -5.3716452e-01
  -1.4061485e-01  -2.7666337e-02  -2.7230390e-01  -8.0239605e-01  -3.9599914e-01  -9.3734210e-01  -1.2673304e+00  -9.3146572e-01
   1.1596386e-02   4.7269378e-03  -2.5348990e-01  -7.4324669e-01  -5.1478039e-01  -1.1763129e+00  -1.6737814e+00  -1.5521970e+00
   3.8866203e-03   1.8395918e-02   2.7704362e-02   1.0974689e-01   6.6331012e-01   3.1074509e-01  -3.2569017e-01  -8.5908245e-01
   1.0773456e-01   1.8665137e-01   2.5381973e-01   4.2330512e-01   4.0217856e-01   1.0732341e+00   1.4977375e+00   1.1521066e+00
   9.4114760e-02   4.9609795e-01   7.3846658e-01  -3.8737760e-01  -1.6147103e+00   2.2005182e-01   1.6290498e+00   1.6204360e+00
   5.7074135e-02   5.7119312e-01   7.9637608e-01  -4.8928583e-01  -1.8165135e+00   2.1791287e-01   1.6995843e+00   1.7724803e+00
  -3.1591177e-01  -1.2964725e-01  -1.2964725e-01   5.6617260e-02   6.1541080e-01  -6.8844080e-01  -1.8060279e+00  -1.2472343e+00
  -3.1591177e-01  -1.2964725e-01  -1.2964725e-01   5.6617260e-02   4.2914629e-01  -1.0609698e+00  -2.3648214e+00  -1.8060279e+00
  -1.2964725e-01  -1.2964725e-01  -1.2964725e-01  -1.2964725e-01   2.4288177e-01  -8.7470531e-01  -2.3648214e+00  -2.3648214e+00
   5.6617260e-02  -1.2964725e-01   5.6617260e-02  -1.2964725e-01   5.6617260e-02   5.6617260e-02  -1.2964725e-01  -3.1591177e-01
   5.6617260e-02  -1.2964725e-01   5.6617260e-02   5.6617260e-02   2.4288177e-01   1.3604689e+00   2.6643205e+00   2.1055269e+00
   2.4288177e-01   2.4288177e-01   4.2914629e-01  -1.2964725e-01  -2.5510859e+00   8.0167532e-01   2.2917914e+00   2.4780560e+00
   5.6617260e-02   4.2914629e-01   4.2914629e-01  -3.1591177e-01  -2.9236150e+00   9.8793983e-01   2.4780560e+00   2.6643205e+00
  -4.1154722e+01  -4.7301379e+01  -4.9108760e+01  -4.8153961e+01  -4.6477698e+01  -4.6248481e+01  -4.6554951e+01  -4.6289879e+01
  -3.9637082e+01  -4.5304911e+01  -4.6675213e+01  -4.4960158e+01  -4.2755826e+01  -4.2331584e+01  -4.2614971e+01  -4.2361510e+01
  -3.4632666e+01  -3.7772079e+01  -4.0370862e+01  -4.0586687e+01  -3.8729523e+01  -3.8251109e+01  -3.8586689e+01  -3.8327488e+01
  -2.9011114e+01  -3.0531527e+01  -3.2870851e+01  -3.6901966e+01  -4.1293715e+01  -4.2607143e+01  -4.3613093e+01  -4.3884480e+01
  -2.9918692e+01  -3.5328018e+01  -3.9204917e+01  -4.1373572e+01  -4.2659979e+01  -4.2797166e+01  -4.2655212e+01  -4.3411936e+01
  -3.0743921e+01  -3.7263165e+01  -4.0498604e+01  -4.0388078e+01  -4.0416094e+01  -4.0153296e+01  -3.9673261e+01  -4.0263422e+01
  -3.1899758e+01  -3.8136898e+01  -4.0664277e+01  -4.0528946e+01  -4.0673765e+01  -4.0479558e+01  -3.9984419e+01  -4.0475264e+01
   5.0353306e+00   7.6872135e+00   2.3710163e+00   3.3983164e-01  -2.8173622e-01  -3.9380678e-01  -1.0253433e+00   8.9291093e-02
   4.2941239e+00   6.0801315e+00   1.3105163e+00   2.7881124e-01  -2.3008484e-01  -7.0321564e-01  -1.3491559e+00  -1.1183977e-01
   2.7620273e+00   3.6115232e+00   2.5146219e+00   1.8765349e+00  -1.5592088e-01  -1.1571392e+00  -1.4483180e+00   8.3835025e-02
   5.3091144e+00   5.8195161e+00   4.3702022e+00   4.6982546e+00   2.0664103e+00  -1.8662061e+00  -1.1514769e-01   7.0028211e-01
   8.3145522e+00   5.6698497e+00   7.5478640e-01   2.1944250e+00   9.8760341e-01   1.1929830e+00   3.3207083e+00   3.4327158e+00
   8.7748187e+00   1.7079609e+00  -2.4531974e+00  -6.7872929e-01  -1.9493473e+00   3.5987472e-01   3.2703125e+00   3.2365500e+00
   8.6412908e+00   3.5653989e-01  -2.8485776e+00  -6.8186641e-01  -1.7577052e+00   4.2168495e-01   3.2561257e+00   3.0411779e+00
  -8.6500419e+00  -4.8289171e+00  -1.5671080e+00  -2.0133228e-01  -3.3369934e-01  -1.5102429e-01  -1.2840614e+00  -6.3033106e-01
  -9.4741273e+00  -4.2252900e+00  -9.9685423e-01  -1.7103240e-01  -6.5050089e-01  -6.1882216e-01  -8.6727432e-01  -2.4800955e-01
  -8.5117711e+00  -4.3696290e+00  -1.3993664e+00  -1.0503376e+00  -1.7405978e+00  -1.6414650e+00  -1.2832973e+00  -2.3881776e-01
  -7.9309470e+00  -7.0550081e+00  -5.4188908e+00  -5.3378356e+00  -1.7768062e+00  -3.0097108e+00  -4.9375680e+00  -2.7340490e+00
  -8.7470209e+00  -6.6485767e+00  -2.0805020e+00  -2.6318115e+00  -7.0849825e-02   7.0850742e-01  -1.3588720e+00  -2.6692847e+00
  -6.7485682e+00  -3.2220337e+00  -5.6921628e-01  -1.4139288e+00  -5.7125818e-01   1.2195148e+00  -9.2323277e-01  -2.8369439e+00
  -6.0743043e+00  -2.1869721e+00  -3.8333328e-01  -1.6734866e+00  -1.0259629e+00   1.3873482e+00  -7.1614949e-01  -2.4495863e+00
  -5.2913522e+01  -5.8692158e+01  -6.3483873e+01  -6.4518023e+01  -6.3582536e+01  -6.1654132e+01  -6.1584769e+01  -6.1268699e+01
  -5.1756954e+01  -5.7888652e+01  -6.1808022e+01  -6.1672235e+01  -5.9919862e+01  -5.7729771e+01  -5.7643673e+01  -5.7236607e+01
  -5.0770033e+01  -5.4507377e+01  -5.6316974e+01  -5.6081010e+01  -5.5928410e+01  -5.3756555e+01  -5.3339549e+01  -5.2712552e+01
  -4.6213274e+01  -4.9648921e+01  -5.0734366e+01  -4.9382618e+01  -5.5632435e+01  -5.8888943e+01  -5.7911835e+01  -5.7890148e+01
  -4.2398684e+01  -4.7680033e+01  -5.4491171e+01  -5.4051670e+01  -5.7414449e+01  -5.8181809e+01  -5.7713238e+01  -5.8628391e+01
  -4.2614528e+01  -5.0486924e+01  -5.6257771e+01  -5.5933376e+01  -5.6962582e+01  -5.5597660e+01  -5.3745886e+01  -5.4273583e+01
  -4.3656647e+01  -5.2108003e+01  -5.6804689e+01  -5.6288716e+01  -5.7331884e+01  -5.5897256e+01  -5.3780351e+01  -5.4277404e+01
  -5.3964083e+01  -6.1330758e+01  -6.6989840e+01  -6.4880629e+01  -6.3042204e+01  -6.3334401e+01  -6.3209304e+01  -6.3753304e+01
  -5.2601891e+01  -5.9820611e+01  -6.3953030e+01  -6.1185201e+01  -5.8989809e+01  -5.8946530e+01  -5.9176465e+01  -5.9702868e+01
  -5.0219901e+01  -5.4379877e+01  -5.7671299e+01  -5.5724140e+01  -5.4424996e+01  -5.4275008e+01  -5.4615851e+01  -5.5474229e+01
  -4.6756874e+01  -4.9066973e+01  -5.0029993e+01  -4.9869211e+01  -5.7199214e+01  -5.8367787e+01  -5.8181182e+01  -5.9667310e+01
  -4.1953005e+01  -4.7547822e+01  -5.4981901e+01  -5.4835638e+01  -5.8276227e+01  -5.9455377e+01  -5.9565101e+01  -5.9248169e+01
  -4.1428318e+01  -4.9893433e+01  -5.5862833e+01  -5.4495972e+01  -5.5648445e+01  -5.5902720e+01  -5.5801581e+01  -5.6133380e+01
  -4.2590802e+01  -5.1466936e+01  -5.6135628e+01  -5.4491261e+01  -5.5679991e+01  -5.6244898e+01  -5.6150166e+01  -5.6521747e+01
