   1.0332604e+01   1.0336339e+01   6.5413035e+00   7.0820595e+00   9.3830332e+00   6.3350650e+00   6.3934633e+00   6.3363926e+00
   9.4651093e+00   9.0008268e+00   5.6102478e+00   7.3233551e+00   9.5359255e+00   6.6535273e+00   4.8254655e+00   5.1318853e+00
   5.7363076e+00   7.6416064e+00   5.4764334e+00   3.0326569e+00   6.0366698e+00   7.6124493e+00   7.4385111e+00   9.5814144e+00
   1.2216572e+01   1.3286337e+01   1.0056082e+01   6.2318692e+00   7.3130886e+00   7.9420682e+00   6.5718155e+00   9.9365958e+00
   8.6196193e+00   7.2715743e+00   4.2644807e+00   3.7201677e+00   4.1731741e+00   2.7779597e+00   1.4184629e-01   1.0258806e+00
   8.4462729e+00   9.0242182e+00   8.9088870e+00   6.6556913e+00   1.9196636e+00   1.3026279e+00  -1.3201097e+00  -1.2160493e+00
   7.1003359e+00   8.9119801e+00   7.6453437e+00   7.5866418e+00   3.3740933e+00   3.3381740e-01  -1.8702453e+00  -9.4188137e-01
  -7.8345137e+00  -6.7784248e+00  -8.7240954e+00  -8.9836048e+00  -6.0817150e+00  -4.6499648e+00  -3.7626714e+00  -4.7595883e+00
  -8.5189877e+00  -6.6280458e+00  -7.4157975e+00  -7.4867506e+00  -5.1652407e+00  -4.2183121e+00  -3.0756350e+00  -3.9899843e+00
  -6.8556998e+00  -6.7599543e+00  -1.0575478e+01  -8.2928430e+00  -7.0272877e+00  -2.6204890e+00  -6.7932434e+00  -1.2858762e+01
  -1.2570572e+01  -8.3203111e+00  -8.7965234e+00  -8.1770855e+00  -5.2009837e+00  -2.4756524e+00  -2.9229510e+00  -1.0159223e+01
  -8.5534569e+00  -5.8135453e+00  -2.5908562e+00  -5.7386444e+00  -4.9803336e+00  -3.3237836e+00  -3.8220925e+00  -4.7807802e+00
  -6.4518025e+00  -6.8959465e+00  -8.2925828e+00  -6.1915955e+00  -3.0885952e+00  -3.2574201e+00  -2.8875077e+00  -1.9814094e+00
  -6.5287149e+00  -6.9803400e+00  -7.2385401e+00  -5.3076160e+00  -1.9461855e+00  -2.4513950e+00  -2.6128038e+00  -3.2745346e+00
  -1.0228795e-01  -7.6219778e-02   1.0853148e-01   1.9028980e-01   3.0755351e-01   1.9783116e-02  -1.9457685e-01  -5.4232523e-02
  -7.2021948e-02  -2.9636121e-02   1.7095250e-01   2.4983226e-01   3.3495676e-01   2.6137429e-01  -5.8067058e-02  -3.4143091e-02
  -1.3934284e-01  -8.5105733e-03   2.1322655e-01   1.1556341e-01   1.4902263e-01   2.3668703e-01   1.3695155e-01   1.3530479e-01
   1.9556342e-02  -4.4582746e-03   5.2184222e-02   5.1799245e-02   1.2216520e-01   3.1936638e-01   2.5348647e-01  -1.2154745e-01
  -1.2591165e-02  -1.0213193e-01  -6.4047900e-02   2.4244281e-01   1.3832333e-01  -9.1782391e-02   3.0135336e-02   5.2585910e-02
   7.2356976e-02   2.7541921e-02   1.0245326e-01  -5.6853951e-02  -3.0815884e-02   3.7503270e-01  -2.5473193e-02  -7.5776818e-01
   1.0452318e-01   1.1518668e-01   9.2976926e-02  -2.8107039e-02   1.9089956e-01   2.0612440e-01  -3.1993903e-01  -6.4821763e-01
   3.8664341e-02  -1.4760017e-01   3.8664341e-02   2.2492886e-01   3.8664341e-02   2.2492886e-01   2.2492886e-01   2.2492886e-01
   3.8664341e-02  -1.4760017e-01   3.8664341e-02   2.2492886e-01   3.8664341e-02   2.2492886e-01   2.2492886e-01   2.2492886e-01
  -1.4760017e-01  -1.4760017e-01   3.8664341e-02   2.2492886e-01   3.8664341e-02   3.8664341e-02   2.2492886e-01   3.8664341e-02
   3.8664341e-02   3.8664341e-02   3.8664341e-02   3.8664341e-02   3.8664341e-02   3.8664341e-02   3.8664341e-02   3.8664341e-02
   3.8664341e-02  -1.4760017e-01   3.8664341e-02   2.2492886e-01   3.8664341e-02   3.8664341e-02   3.8664341e-02   3.8664341e-02
   3.8664341e-02  -1.4760017e-01   3.8664341e-02   3.8664341e-02   2.2492886e-01   4.1119337e-01   3.8664341e-02  -3.3386469e-01
   3.8664341e-02   3.8664341e-02   3.8664341e-02   3.8664341e-02   2.2492886e-01   2.2492886e-01  -3.3386469e-01  -3.3386469e-01
  -2.9980736e+01  -3.3836562e+01  -3.6356542e+01  -3.9552640e+01  -4.4223942e+01  -4.6720362e+01  -4.7906939e+01  -4.8411704e+01
  -2.7704541e+01  -3.2373153e+01  -3.6278495e+01  -3.9659724e+01  -4.3888554e+01  -4.5648925e+01  -4.6961278e+01  -4.7355680e+01
  -2.7304190e+01  -3.0159384e+01  -3.2133320e+01  -3.4888856e+01  -3.6974748e+01  -3.8486966e+01  -3.8195556e+01  -3.7179484e+01
  -1.5327490e+01  -1.6810309e+01  -1.9687703e+01  -2.4418967e+01  -2.9916224e+01  -3.2851606e+01  -3.5938376e+01  -3.6810342e+01
  -1.7076755e+01  -2.4153037e+01  -3.2882030e+01  -3.6329868e+01  -3.8007150e+01  -3.8843787e+01  -3.8843746e+01  -3.8323738e+01
  -2.1165223e+01  -2.8411717e+01  -3.2821401e+01  -3.6071752e+01  -3.8035934e+01  -3.8475533e+01  -3.8293679e+01  -3.7396141e+01
  -2.3987013e+01  -3.0190269e+01  -3.4142431e+01  -3.7727353e+01  -3.9579456e+01  -3.9394720e+01  -3.8424354e+01  -3.8260175e+01
   1.5563763e+00   2.6370089e+00   6.0797657e+00   5.4796651e+00   5.4198396e+00   4.8577646e+00   2.6194336e+00   2.0218565e+00
   2.2657472e+00   3.2325602e+00   5.9633865e+00   5.5400139e+00   4.5055301e+00   4.0027662e+00   2.9798856e+00   2.1485867e+00
   6.8795226e+00   6.2704431e+00   7.0553027e+00   6.2021865e+00   6.5314924e+00   5.6840370e+00   4.3750305e+00   3.7081104e+00
   7.2398199e+00   7.1864401e+00   6.8544530e+00   6.7573397e+00   6.5035359e+00   5.3712741e+00   2.7748582e+00   2.0135374e-01
   6.6022693e+00   5.8710835e+00   5.8296034e+00   3.9699254e+00   1.5148482e+00   1.2338840e+00   2.2524196e-02   8.8176143e-03
   5.4929286e+00   5.9013165e+00   4.5504480e+00   2.7412439e+00   1.5152157e+00   7.0430264e-01   2.2025943e+00   2.6431172e-01
   6.4317103e+00   6.1421201e+00   3.4863726e+00   1.4961099e+00   1.7894288e+00   1.9450076e+00   1.6545627e+00   7.7957909e-01
  -7.2362140e+00  -8.2303830e+00  -8.3643477e+00  -6.2683277e+00  -6.0536083e+00  -4.6343451e+00  -3.9032058e+00  -2.9722789e+00
  -8.0667902e+00  -8.2252094e+00  -8.1120517e+00  -6.6337787e+00  -5.4475651e+00  -4.1009037e+00  -3.5465150e+00  -2.6838956e+00
  -4.8345070e+00  -5.1193975e+00  -4.9498373e+00  -6.5720105e+00  -6.8706493e+00  -6.7430785e+00  -5.8321220e+00  -4.1606179e+00
  -7.8583044e+00  -9.2883582e+00  -8.3458044e+00  -6.2776307e+00  -6.4905524e+00  -5.1767405e+00  -4.2067251e+00  -1.8085562e+00
  -6.5636573e+00  -6.5681817e+00  -7.1144719e+00  -4.3988450e+00  -4.0446789e+00  -2.2700451e+00  -1.7676742e-01  -2.1017282e-01
  -6.4571527e+00  -3.8351313e+00  -4.1024720e+00  -2.2848433e+00  -1.3083938e+00  -1.3283986e+00   3.4781265e-01  -8.2634736e-01
  -5.5119890e+00  -4.8224397e+00  -5.3402239e+00  -2.2011501e+00  -1.8687328e+00  -2.7815608e+00  -9.6481761e-01  -3.3396462e-01
  -4.4628794e+01  -4.8501415e+01  -5.0656321e+01  -5.3654634e+01  -5.8753053e+01  -6.1030024e+01  -6.2131337e+01  -6.2943623e+01
  -4.2329014e+01  -4.6024406e+01  -4.9641538e+01  -5.4212707e+01  -5.8977812e+01  -6.0480650e+01  -6.0414825e+01  -6.0823000e+01
  -3.8524847e+01  -4.2196197e+01  -4.5992515e+01  -4.7590515e+01  -5.1013502e+01  -5.3331988e+01  -5.4643326e+01  -5.5921483e+01
  -3.2421716e+01  -3.4264550e+01  -3.5712462e+01  -3.7078919e+01  -4.3052537e+01  -4.6888613e+01  -5.0668959e+01  -5.5675150e+01
  -3.0652216e+01  -3.5486291e+01  -4.4067695e+01  -4.9770192e+01  -5.2607983e+01  -5.3250711e+01  -5.3414769e+01  -5.2529252e+01
  -3.5010257e+01  -4.1824115e+01  -4.8007184e+01  -5.0510621e+01  -5.2459717e+01  -5.2675471e+01  -5.2516917e+01  -5.2475141e+01
  -3.6888458e+01  -4.3940063e+01  -4.8912449e+01  -5.2555279e+01  -5.3940271e+01  -5.3558648e+01  -5.3521793e+01  -5.3511656e+01
  -4.4536915e+01  -4.8243872e+01  -5.0514309e+01  -5.3343542e+01  -5.6740892e+01  -5.8762193e+01  -5.9410780e+01  -6.0532114e+01
  -4.2664426e+01  -4.6246785e+01  -4.9558459e+01  -5.2254646e+01  -5.5884118e+01  -5.7603472e+01  -5.8279769e+01  -5.9131184e+01
  -4.1073123e+01  -4.4336944e+01  -4.7447325e+01  -4.8532896e+01  -4.9867097e+01  -4.9667706e+01  -5.1544965e+01  -5.4965953e+01
  -3.2963372e+01  -3.2211817e+01  -3.4354068e+01  -3.7678966e+01  -4.1565340e+01  -4.3620337e+01  -4.8149431e+01  -5.3866412e+01
  -3.1176475e+01  -3.6283840e+01  -4.3690915e+01  -4.9501981e+01  -5.2005005e+01  -5.2869699e+01  -5.4308962e+01  -5.4385253e+01
  -3.3052571e+01  -4.0746640e+01  -4.6792244e+01  -4.9560303e+01  -4.9956657e+01  -5.1974048e+01  -5.4302790e+01  -5.3713869e+01
  -3.5850612e+01  -4.2758200e+01  -4.7716628e+01  -5.1277958e+01  -5.1638623e+01  -5.2879723e+01  -5.4542361e+01  -5.5379341e+01
