   6.2380284e+00   8.2728072e+00   8.5661307e+00   8.6301059e+00   8.6275182e+00   4.6324612e+00   3.0705878e+00   3.9106916e+00
   7.2638422e+00   7.9766584e+00   6.8083127e+00   6.8937480e+00   5.5727095e+00   3.2264041e+00   3.1952238e+00   3.9611295e+00
   8.8914401e+00   7.3535314e+00   1.0041890e+01   1.0664815e+01   1.1981311e+01   9.1205557e+00   8.8516958e+00   1.0564567e+01
   1.0623732e+01   9.6896827e+00   1.2479378e+01   1.1598429e+01   1.3415835e+01   9.1847114e+00   6.9591272e+00   5.1653585e+00
   8.9481188e+00   6.3331463e+00   6.7617470e+00   8.7901724e+00   1.0222902e+01   6.5217554e+00   4.0436294e+00   2.6609092e+00
   7.7447948e+00   7.1062099e+00   5.6022436e+00   7.2033543e+00   9.3864544e+00   4.1690857e+00   2.0842540e+00  -5.3226316e-01
   7.3129468e+00   5.4582314e+00   1.8670260e+00   5.4569945e+00   8.2463485e+00   3.9870531e+00   1.4082475e+00  -4.1606196e-01
  -1.0882406e+01  -8.4570884e+00  -5.2094021e+00  -4.2788239e+00  -4.2246373e+00  -5.0873568e+00  -3.2240127e+00  -1.6872535e+00
  -1.0789798e+01  -8.9307351e+00  -5.5557904e+00  -5.5186466e+00  -3.7128985e+00  -4.0528518e+00  -1.7835610e+00  -1.6125293e-01
  -9.8584850e+00  -8.6176343e+00  -7.3696596e+00  -8.3452147e+00  -9.0256224e+00  -7.8056112e+00  -5.9634751e+00  -8.9305723e+00
  -1.0979889e+01  -7.7539376e+00  -6.0064704e+00  -4.0734283e+00  -6.2590201e+00  -6.3844083e+00  -5.8183286e+00  -8.1632288e+00
  -9.8335114e+00  -8.3364881e+00  -6.2176532e+00  -4.0019511e+00  -4.0066852e+00  -4.8290096e+00  -2.5680478e+00  -2.4335144e+00
  -7.6439247e+00  -7.9300286e+00  -4.4719574e+00  -1.3562306e+00  -4.7650400e+00  -6.1961321e+00  -2.3913725e+00   5.3022871e-01
  -6.5185160e+00  -7.1884157e+00  -2.7172791e+00  -2.1093234e+00  -4.2775825e+00  -5.9836285e+00  -2.6903751e+00   8.5803377e-01
   1.8841959e-01   1.2795153e-01   4.2980864e-02  -1.1146145e-01   7.8694255e-02  -4.0667748e-01  -1.1282585e+00  -3.0219225e-01
   1.7311751e-01   1.1117243e-01   1.2313515e-01  -8.3065013e-03   5.4468510e-02  -5.6933914e-01  -1.6261614e+00  -6.2268330e-01
   1.0250795e-01   2.6894142e-02  -2.8430306e-02   6.4832741e-03  -3.0439931e-03  -1.4715861e-01  -3.0320797e-01   8.1743419e-02
   1.8861434e-02  -7.0132721e-04  -8.9762118e-03  -4.3976370e-02  -3.6335830e-02  -1.0123732e-01  -4.9856450e-02   9.4068837e-02
   4.5626526e-02   6.5361419e-02   8.8751712e-03  -2.8865794e-01  -1.8562581e-01   2.2967259e-01  -3.4846355e-01  -5.6181621e-01
  -7.9377130e-02   8.5424055e-02  -8.6577081e-02  -6.4276036e-01  -4.0664914e-01  -2.1999224e-01  -9.4452888e-01   1.0641252e-01
  -1.4719255e-01   6.4007470e-02  -2.2026110e-01  -1.1477871e+00  -8.2113549e-01   3.7063229e-01  -4.7085846e-01   7.7757233e-02
   2.2492886e-01   2.2492886e-01   3.8664341e-02  -1.4760017e-01   3.8664341e-02  -1.4760017e-01  -3.3386469e-01   3.8664341e-02
   2.2492886e-01   2.2492886e-01   2.2492886e-01   2.2492886e-01   2.2492886e-01   3.8664341e-02  -5.2012920e-01   3.8664341e-02
   3.8664341e-02   3.8664341e-02   3.8664341e-02   3.8664341e-02  -1.4760017e-01  -1.4760017e-01   3.8664341e-02   2.2492886e-01
   3.8664341e-02   3.8664341e-02  -1.4760017e-01  -1.4760017e-01  -1.4760017e-01  -1.4760017e-01   3.8664341e-02   3.8664341e-02
   3.8664341e-02   3.8664341e-02   3.8664341e-02  -1.4760017e-01  -1.4760017e-01   3.8664341e-02  -1.4760017e-01  -1.4760017e-01
  -1.4760017e-01   3.8664341e-02   3.8664341e-02  -3.3386469e-01  -1.4760017e-01  -1.4760017e-01  -7.0639372e-01   3.8664341e-02
  -1.4760017e-01   3.8664341e-02  -1.4760017e-01  -5.2012920e-01  -3.3386469e-01   3.8664341e-02  -3.3386469e-01  -1.4760017e-01
  -3.1954350e+01  -3.6605469e+01  -4.0161780e+01  -4.2791174e+01  -4.5228225e+01  -4.6249455e+01  -4.6348887e+01  -4.7363122e+01
  -2.9879739e+01  -3.5164151e+01  -3.9704636e+01  -4.2902997e+01  -4.6131320e+01  -4.6775045e+01  -4.6305543e+01  -4.7194972e+01
  -2.7848611e+01  -3.1986435e+01  -3.4190177e+01  -3.4997703e+01  -3.6103868e+01  -3.8224703e+01  -3.9147437e+01  -3.9123097e+01
  -1.6386786e+01  -1.9320723e+01  -2.2486956e+01  -2.5786917e+01  -2.7871095e+01  -3.1708833e+01  -3.6736143e+01  -3.7618637e+01
  -1.9512638e+01  -2.5221166e+01  -3.2493399e+01  -3.6045921e+01  -3.7366116e+01  -3.8288749e+01  -3.9194797e+01  -3.9244404e+01
  -2.2868204e+01  -2.9982537e+01  -3.4216918e+01  -3.5466259e+01  -3.5987839e+01  -3.7095814e+01  -3.7989970e+01  -3.8013839e+01
  -2.6044854e+01  -3.1852824e+01  -3.6085201e+01  -3.7071815e+01  -3.7297472e+01  -3.8379457e+01  -3.9070987e+01  -3.9148282e+01
   6.5919146e+00   6.8138019e+00   6.3494640e+00   5.0879036e+00   1.9081636e+00   3.0414940e+00   3.4093437e+00   3.7269607e+00
   6.4059617e+00   6.6803155e+00   5.9569412e+00   3.9981354e+00   1.0750445e+00   2.6453495e+00   3.8052896e+00   3.4683901e+00
   6.4374075e+00   7.2877134e+00   4.4752721e+00   5.5829985e+00   5.6730831e+00   5.0314271e+00   3.9774191e+00   3.0557744e+00
   9.6488993e+00   9.9159280e+00   8.1647301e+00   6.1183710e+00   6.3267088e+00   5.4963415e+00   3.0864296e+00   1.7646511e+00
   7.0649576e+00   7.1373459e+00   5.4350741e+00   4.0880207e+00   1.2866443e+00   1.1206692e+00   3.1692768e-01  -8.9264552e-01
   6.8178604e+00   5.5013704e+00   5.8750928e+00   2.1987290e+00   3.3804901e-01   1.0869148e+00   1.5613747e+00   2.0687171e+00
   6.7449860e+00   5.5219449e+00   5.8670104e+00   2.2129850e+00   8.9509859e-01   2.3051968e+00   2.2236906e+00   2.1342079e+00
  -6.2190222e+00  -4.7407196e+00  -4.8778740e+00  -5.9233185e+00  -4.9114625e+00  -3.3648566e+00   8.3171529e-02   5.6581545e-03
  -7.0611397e+00  -4.8852418e+00  -4.4111781e+00  -4.9654243e+00  -3.6729584e+00  -2.8369061e+00  -8.2627617e-01  -5.8983193e-01
  -5.9373866e+00  -6.4492648e+00  -6.7794275e+00  -6.6026684e+00  -3.2551610e+00  -2.3030608e+00  -4.7940754e+00  -3.9842670e+00
  -7.1141106e+00  -7.2357192e+00  -5.6382730e+00  -5.2830494e+00  -6.5508182e+00  -4.2243635e+00  -2.8897530e+00  -2.0662966e+00
  -6.6032629e+00  -6.6565047e+00  -6.3395764e+00  -4.5397658e+00  -3.3985457e+00  -2.3386837e+00  -1.7562091e+00  -5.2565071e-01
  -7.0393492e+00  -4.0661529e+00  -3.4405742e+00  -3.7679621e+00  -2.8912645e+00  -2.4356172e+00  -3.9791913e+00  -1.2273155e+00
  -5.7577392e+00  -5.3418652e+00  -4.2235455e+00  -2.7897693e+00  -1.2688707e+00  -1.5915234e-01  -1.3229633e+00  -5.4500807e-01
  -4.6413819e+01  -5.0021225e+01  -5.3969231e+01  -5.5962411e+01  -5.8965912e+01  -5.9091538e+01  -6.1137977e+01  -6.2957752e+01
  -4.4414273e+01  -4.8550372e+01  -5.3784871e+01  -5.6838073e+01  -5.9938036e+01  -6.0338137e+01  -6.0850122e+01  -6.2609978e+01
  -4.1931018e+01  -4.4671059e+01  -4.8996337e+01  -5.0054999e+01  -5.1307935e+01  -5.2337842e+01  -5.5804028e+01  -5.8184034e+01
  -3.2002666e+01  -3.2839414e+01  -3.7427050e+01  -3.9836645e+01  -4.3015728e+01  -4.4813237e+01  -5.0888882e+01  -5.4911004e+01
  -3.3742226e+01  -3.8120716e+01  -4.6185514e+01  -5.1104312e+01  -5.3778602e+01  -5.3536204e+01  -5.5406483e+01  -5.5864926e+01
  -3.5146638e+01  -4.2183075e+01  -4.7744187e+01  -4.9807717e+01  -5.1743491e+01  -5.1107257e+01  -5.2909161e+01  -5.2889079e+01
  -3.7240085e+01  -4.3331644e+01  -4.7953765e+01  -5.0880276e+01  -5.2794287e+01  -5.2647511e+01  -5.3675676e+01  -5.3813642e+01
  -4.5987929e+01  -4.9058344e+01  -5.1395474e+01  -5.4289193e+01  -5.7350354e+01  -5.9688422e+01  -6.0678378e+01  -6.0133116e+01
  -4.3915395e+01  -4.7943889e+01  -5.0820356e+01  -5.4395629e+01  -5.7593059e+01  -5.9547178e+01  -5.9699800e+01  -5.9288712e+01
  -4.1847375e+01  -4.5654411e+01  -4.8072396e+01  -5.0196356e+01  -5.1988456e+01  -5.2608768e+01  -5.2514431e+01  -5.3972071e+01
  -3.2544285e+01  -3.2622125e+01  -3.5319180e+01  -3.7968892e+01  -4.1916619e+01  -4.5793745e+01  -5.0083137e+01  -5.3644716e+01
  -3.4354566e+01  -3.9215943e+01  -4.5000239e+01  -4.8389869e+01  -5.1482466e+01  -5.3833480e+01  -5.4637046e+01  -5.4407176e+01
  -3.7012786e+01  -4.3674670e+01  -4.6453634e+01  -4.8628613e+01  -5.1833057e+01  -5.3095492e+01  -5.4093788e+01  -5.4594084e+01
  -3.9504248e+01  -4.5224148e+01  -4.8608734e+01  -5.1379049e+01  -5.3380888e+01  -5.5210611e+01  -5.5778937e+01  -5.5913808e+01
