   6.8075091e+00   4.4396522e+00  -2.1174961e-01  -8.9221081e-01  -1.0005670e+00  -2.8251404e+00  -1.0076799e+00   2.5152222e-01
   6.4212854e+00   3.9333893e+00  -3.7187307e-01  -1.2793645e+00  -1.3988352e+00  -2.7228122e+00  -1.5143762e+00  -7.0808171e-01
   6.9621057e+00   4.9833828e+00   5.6426600e-01   3.2504586e-01  -4.3727235e-01  -9.0294716e-02  -6.1754334e-01  -1.4410041e-01
   9.0273151e+00   7.7884353e+00   9.3218521e+00   7.4988929e+00   4.5776697e+00  -1.0682749e-01  -2.8632525e-02   2.0910568e+00
   6.3291335e+00   2.4676374e+00  -1.1583451e+00   3.6104717e+00   1.9648134e+00  -1.5199968e+00   2.5370685e+00   2.7424493e-01
   6.6025580e+00   2.8222996e+00   2.0377027e+00   7.4136788e-01   4.3194344e-01   3.8630730e-01   3.5635519e-01   2.0910614e+00
   6.4864658e+00   2.3035800e+00   2.0756776e+00   4.6188924e-01  -5.5171310e-03   6.4727464e-01   6.5886440e-01   2.7043136e+00
  -6.1030874e+00  -3.9148380e+00  -6.9209773e-01  -9.4594619e-01  -1.1078281e+00   2.7550729e-02   3.3664108e-01   4.1534788e-01
  -5.8271397e+00  -3.2744826e+00  -4.7386401e-01  -6.5845186e-01  -9.8783261e-01   6.8786589e-01   1.3336223e+00   9.7671030e-01
  -7.6313037e+00  -4.1768571e+00  -2.7911862e+00  -1.4832326e+00  -1.3358856e+00   4.8111488e-01   2.0689849e+00   1.0034145e+00
  -1.0569426e+01  -7.5474171e+00  -6.6749475e+00  -3.8898383e+00  -3.7426554e+00  -1.3783011e+00   2.6996117e-01   1.7492154e+00
  -6.1382944e+00  -3.5150383e+00  -3.4229185e+00  -1.6621443e+00   5.1997679e-02   8.2244630e-01   2.4587499e+00   2.7919779e+00
  -6.9212171e+00  -2.5509957e+00  -2.2484875e+00   1.4620114e+00   2.7468191e+00   5.1374456e-01   9.5466655e-01   9.6836801e-01
  -7.5205053e+00  -3.3003576e+00  -2.2188058e+00   1.3711777e+00   3.4270533e+00   1.1867938e+00   1.2654723e+00   8.1937597e-01
   3.1345592e-01   5.1147617e-02  -4.6268798e-01   9.6572239e-02   5.2428944e-01   2.4401248e-01   3.8487403e-01   3.0558081e-01
   1.6532640e-01   7.8986067e-03  -4.3561149e-01  -9.3269784e-02   4.3582282e-01   2.1631079e-01   2.9533571e-01   3.1518408e-01
  -2.8287780e-01  -3.8967158e-01  -5.9763145e-01  -3.1477505e-01   2.6944701e-01   6.0064929e-02  -4.5270154e-01  -9.1871463e-02
  -1.9024224e-01  -4.8484572e-01  -4.7888182e-01   8.1838994e-02  -6.8035670e-01  -9.9168717e-01  -2.0587047e-01   3.5759994e-01
   2.2249611e-01   1.2096013e-01   1.7372531e-01   1.1793119e-01   1.5133135e-01   9.9794322e-01   6.1040797e-01   2.8564256e-01
   2.6897214e-01   6.0052593e-02  -1.7664027e-03   4.0231900e-01   7.6847950e-01   1.4482864e+00   1.0381498e+00   1.1853899e+00
   3.0794068e-01   1.3532516e-01   1.2231297e-01   7.2715845e-01   1.0144278e+00   1.7112781e+00   1.3956554e+00   1.6107230e+00
   5.6617260e-02   5.6617260e-02  -3.1591177e-01  -1.2964725e-01   6.1541080e-01   5.6617260e-02   6.1541080e-01   9.8793983e-01
   5.6617260e-02   5.6617260e-02  -3.1591177e-01  -3.1591177e-01   4.2914629e-01   5.6617260e-02   6.1541080e-01   8.0167532e-01
  -1.2964725e-01  -1.2964725e-01  -1.2964725e-01  -3.1591177e-01   2.4288177e-01   2.4288177e-01  -3.1591177e-01  -3.1591177e-01
   5.6617260e-02  -1.2964725e-01  -1.2964725e-01  -1.2964725e-01  -5.0217628e-01  -1.6197634e+00  -5.0217628e-01   6.1541080e-01
   2.4288177e-01   2.4288177e-01  -1.2964725e-01  -5.0217628e-01  -5.0217628e-01   4.2914629e-01   9.8793983e-01   1.3604689e+00
   2.4288177e-01   2.4288177e-01   5.6617260e-02   4.2914629e-01   6.1541080e-01   1.9192624e+00   2.2917914e+00   2.4780560e+00
   2.4288177e-01   2.4288177e-01   5.6617260e-02   8.0167532e-01   9.8793983e-01   2.1055269e+00   3.0368495e+00   3.0368495e+00
  -4.1983778e+01  -4.3456183e+01  -4.4282075e+01  -4.5340166e+01  -4.6116656e+01  -4.6029784e+01  -4.6334566e+01  -4.6355796e+01
  -3.9411438e+01  -4.0439896e+01  -4.1216963e+01  -4.2709002e+01  -4.3631528e+01  -4.3513362e+01  -4.3887876e+01  -4.3913902e+01
  -3.5714950e+01  -3.6377389e+01  -3.7200277e+01  -3.9013786e+01  -4.0322200e+01  -4.0129649e+01  -4.0315636e+01  -4.0529876e+01
  -3.3767513e+01  -3.5827350e+01  -3.7292104e+01  -3.8569260e+01  -4.0166677e+01  -4.0261267e+01  -4.0014322e+01  -4.0161598e+01
  -3.4205407e+01  -3.7523377e+01  -3.7814512e+01  -3.7408794e+01  -3.8678097e+01  -3.8515833e+01  -3.8068585e+01  -3.7577425e+01
  -3.4351972e+01  -3.9141678e+01  -3.9575905e+01  -3.9772083e+01  -3.9952793e+01  -3.9821306e+01  -3.8666206e+01  -3.7352805e+01
  -3.5603324e+01  -4.0242297e+01  -4.0446756e+01  -4.0614925e+01  -4.0824287e+01  -4.0637530e+01  -3.9285468e+01  -3.7927994e+01
   3.7450441e+00   4.1169597e-01  -1.1019992e-01   7.4769763e-01   9.4968172e-01  -1.6357573e+00  -1.6632038e+00   5.1674831e-01
   3.3192552e+00   8.6107287e-01   5.0387001e-01   1.3044553e+00   1.1998972e-02  -1.9202877e+00  -6.9715229e-01   1.6383214e+00
   3.1010844e+00   1.9817915e+00   1.9820984e+00   1.7672179e+00  -1.4919748e+00  -2.6996480e+00  -9.4066203e-01   1.8739295e+00
   4.4827625e+00   4.2843681e+00   1.5917361e+00   1.6310234e+00   6.2351260e-01  -1.4824896e+00  -3.7972310e+00  -3.1587199e+00
   3.6219440e+00   1.4722917e+00   1.1543706e+00   2.0281397e+00   2.7777047e+00  -2.9055379e-01  -5.1782524e+00  -2.0266703e+00
   4.2713427e+00  -2.3866620e-01  -2.3733809e+00  -2.5209575e+00   1.7406910e-01  -7.5002013e-01  -8.1126606e-01  -2.5958270e+00
   4.7431001e+00   2.2443327e-01  -2.5498956e+00  -2.9402920e+00   1.9937190e-01  -3.7267505e-01  -5.6490737e-01  -3.0796721e+00
  -3.1505114e+00  -1.5599047e+00  -8.4269432e-01  -1.5119124e-01  -1.5628092e+00   5.4227855e-01   1.1346437e+00   2.4720094e-01
  -2.0539533e+00  -1.3715941e+00  -9.4417315e-01  -5.9442157e-01  -1.3778946e+00   1.3611748e+00   1.3645094e+00   7.5549144e-02
   3.9837558e-01  -3.9110018e-01  -1.2250772e+00  -1.9177221e+00  -1.2880573e+00   2.2776991e+00   2.2112197e+00  -1.0372946e-01
  -2.4098115e+00  -2.6246375e+00  -2.2068274e+00  -1.1079545e+00  -4.4377092e-01   1.5706227e+00   1.3667245e+00  -3.3535388e+00
  -7.0961738e+00  -3.9991235e+00  -2.9057748e+00  -9.3098085e-01  -1.2423167e+00   1.9467054e+00   9.9316834e-01  -4.2198755e-01
  -6.4475334e+00  -2.6845157e+00  -1.9865958e-01  -1.3577952e+00  -2.2448156e+00   1.4633017e-02  -9.8194306e-02   1.6432839e+00
  -5.8907526e+00  -2.3215280e+00   3.7478806e-01  -1.1695069e+00  -2.2191448e+00  -4.4894329e-01  -3.7731215e-01   1.8207021e+00
  -5.6173329e+01  -5.8319808e+01  -5.8846777e+01  -5.9444174e+01  -6.0183469e+01  -6.0094944e+01  -6.1093132e+01  -6.1267595e+01
  -5.3204712e+01  -5.5326541e+01  -5.6154140e+01  -5.6717832e+01  -5.7885581e+01  -5.7962992e+01  -5.8688886e+01  -5.8242056e+01
  -4.9181291e+01  -5.1249754e+01  -5.3061827e+01  -5.3710296e+01  -5.5309399e+01  -5.5527565e+01  -5.5607921e+01  -5.4351001e+01
  -4.9526852e+01  -5.1117423e+01  -5.2963220e+01  -5.3596085e+01  -5.5213274e+01  -5.3465676e+01  -5.4126306e+01  -5.6054712e+01
  -4.8118431e+01  -5.0626844e+01  -5.1884039e+01  -5.1364104e+01  -5.1196216e+01  -5.0709450e+01  -5.3079663e+01  -5.2684934e+01
  -4.7799370e+01  -5.2548005e+01  -5.5427756e+01  -5.5215848e+01  -5.3722313e+01  -5.3474566e+01  -5.3844253e+01  -5.3769398e+01
  -4.9221143e+01  -5.3947508e+01  -5.6398340e+01  -5.6164723e+01  -5.4568157e+01  -5.4337871e+01  -5.4612405e+01  -5.4855446e+01
  -5.6674537e+01  -5.8699336e+01  -5.9412355e+01  -6.1750733e+01  -6.2698363e+01  -6.2176477e+01  -6.2139476e+01  -6.1580269e+01
  -5.4887080e+01  -5.5935450e+01  -5.6313437e+01  -5.8981263e+01  -6.0280155e+01  -5.9721161e+01  -5.9269616e+01  -5.8989502e+01
  -5.2646508e+01  -5.2619799e+01  -5.3057689e+01  -5.5489543e+01  -5.7076269e+01  -5.6472092e+01  -5.5510568e+01  -5.5787223e+01
  -5.0305830e+01  -5.1879848e+01  -5.4136661e+01  -5.4501439e+01  -5.6875330e+01  -5.6780684e+01  -5.5963187e+01  -5.5396122e+01
  -4.5246238e+01  -4.9810189e+01  -5.4981650e+01  -5.5016853e+01  -5.4675061e+01  -5.4213708e+01  -5.4483148e+01  -5.2603717e+01
  -4.5827663e+01  -5.1876893e+01  -5.5868322e+01  -5.4124611e+01  -5.4590276e+01  -5.5383969e+01  -5.5173869e+01  -5.3883655e+01
  -4.7509890e+01  -5.3773466e+01  -5.6893105e+01  -5.4866696e+01  -5.5417221e+01  -5.6039487e+01  -5.5657443e+01  -5.4624452e+01
