   7.4099781e+00   7.0186001e+00   3.2191863e+00  -5.0596365e-01   2.9329446e-01   6.9502251e-01  -1.6159212e+00   4.8493999e-01
   6.6599801e+00   6.3530875e+00   2.5530003e+00  -2.6923410e-01   6.7476315e-01   5.8892367e-01  -1.3741484e+00   3.7922990e-01
   5.3206031e+00   6.5614305e+00   4.5707759e+00   2.3395413e+00   2.3548478e+00   7.6247767e-01  -8.3666428e-01  -1.3026991e-01
   1.0915606e+01   8.0475725e+00   7.4405692e+00   3.4958418e+00   3.1502511e+00   1.8177397e+00   2.4109074e+00   8.8825486e-01
   1.0371725e+01   6.6224254e+00   2.9539464e+00   2.0427942e+00   2.4605580e+00   3.8114243e+00   5.3812393e+00   2.3075777e+00
   6.1704947e+00   5.4426032e+00   1.3741143e+00   4.5804878e-02   1.3221496e+00   2.5151108e+00   2.2483146e+00   9.0059231e-01
   5.0260627e+00   4.5982396e+00   1.5251157e+00   1.9976463e-01   1.1143010e+00   1.9413747e+00   1.3678602e+00   2.7208157e-01
  -7.9949172e+00  -5.1178150e+00  -2.2340764e+00  -1.2015005e+00  -7.9144724e-01  -1.6352289e+00  -1.4585296e+00  -3.5942097e-01
  -7.0413672e+00  -4.0290848e+00  -1.3691037e+00  -1.4352187e+00  -1.0201157e+00  -2.2161159e+00  -1.4024888e+00  -9.9845589e-01
  -4.3679913e+00  -2.7310839e+00  -2.2357547e+00  -3.5862365e+00  -2.0067725e+00  -4.2166063e+00  -2.8984847e+00  -2.4042271e+00
  -8.4344675e+00  -6.1429506e+00  -5.7382902e+00  -4.8992562e+00  -3.2732109e-01  -1.7470442e+00  -3.3324084e+00  -5.3186484e-01
  -1.0900801e+01  -4.9451600e+00  -1.7832001e+00  -2.5669202e+00   7.4247094e-01   1.7373459e+00  -6.2090971e-01   6.8219538e-01
  -9.0350820e+00  -3.8022905e+00  -3.4017892e+00  -1.9034572e+00   2.8132705e+00   2.7303628e+00   5.2948213e-01  -2.9940387e-02
  -6.9979140e+00  -2.8052837e+00  -3.7956573e+00  -1.6294391e+00   2.9978308e+00   2.4373265e+00   2.9819143e-01  -6.1144176e-01
   3.5982928e-01   6.4401763e-01   6.2193590e-01   8.3151594e-01   9.6563141e-01   9.7205510e-01   8.7397425e-01   5.1882999e-01
   2.9547403e-01   6.1930145e-01   7.0207092e-01   8.7751002e-01   1.3422224e+00   1.1920805e+00   1.0101470e+00   4.4078096e-01
   2.4131309e-02   3.9351789e-01   5.6119895e-01   3.0502551e-01   1.4911262e+00   1.1155815e+00   1.1758838e+00   5.1812345e-01
  -1.0326313e-02  -3.6282965e-01  -1.4802296e-01  -4.6403003e-01  -5.3818084e-01  -1.6975750e-01   2.9620733e-02   1.2101028e-01
   6.0728866e-02  -9.3163624e-02   3.5636380e-01   2.4424055e-01  -1.7919626e-01  -1.1315847e-01   7.3295251e-01   5.6022926e-01
   6.1962602e-01   9.0101500e-01   4.5840805e-01   9.2802928e-01   1.2486066e+00   6.8918325e-01   1.2385658e+00   8.0692032e-01
   8.6226415e-01   1.1581580e+00   5.0958861e-01   1.1394580e+00   1.5686978e+00   6.5875101e-01   1.1463916e+00   8.1574049e-01
   2.4288177e-01   2.4288177e-01   4.2914629e-01   9.8793983e-01   1.5467334e+00   1.5467334e+00   1.7329979e+00   9.8793983e-01
   2.4288177e-01   4.2914629e-01   6.1541080e-01   9.8793983e-01   1.9192624e+00   1.9192624e+00   2.1055269e+00   8.0167532e-01
   5.6617260e-02   2.4288177e-01   4.2914629e-01   2.4288177e-01   2.1055269e+00   1.5467334e+00   2.4780560e+00   6.1541080e-01
   5.6617260e-02  -1.2964725e-01   5.6617260e-02  -1.2964725e-01  -1.2964725e-01  -3.1591177e-01   5.6617260e-02   4.2914629e-01
   5.6617260e-02  -1.2964725e-01   2.4288177e-01   6.1541080e-01  -1.2964725e-01  -3.1591177e-01   1.1742043e+00   8.0167532e-01
   2.4288177e-01   4.2914629e-01   2.4288177e-01   8.0167532e-01   1.5467334e+00   6.1541080e-01   2.1055269e+00   8.0167532e-01
   2.4288177e-01   6.1541080e-01   2.4288177e-01   1.1742043e+00   1.9192624e+00   4.2914629e-01   1.9192624e+00   8.0167532e-01
  -4.1661601e+01  -4.2507475e+01  -4.3611281e+01  -4.4780201e+01  -4.5482119e+01  -4.5380931e+01  -4.5009133e+01  -4.5423429e+01
  -3.9490751e+01  -3.9914152e+01  -4.0813773e+01  -4.2324858e+01  -4.3041019e+01  -4.2793615e+01  -4.2451014e+01  -4.2975023e+01
  -3.6250121e+01  -3.6376359e+01  -3.7372532e+01  -3.9429934e+01  -4.0059457e+01  -3.9413239e+01  -3.8986548e+01  -3.9690838e+01
  -3.1729901e+01  -3.3884591e+01  -3.5599772e+01  -3.6589350e+01  -3.8399841e+01  -3.9170200e+01  -3.8978307e+01  -3.9105840e+01
  -3.3564047e+01  -3.6766233e+01  -3.7991663e+01  -3.8199949e+01  -3.9356650e+01  -4.0398650e+01  -3.9765758e+01  -3.9574580e+01
  -3.8826067e+01  -4.0543823e+01  -4.0254471e+01  -4.0388892e+01  -4.1533960e+01  -4.2388903e+01  -4.2002267e+01  -4.1766378e+01
  -4.1223310e+01  -4.2160458e+01  -4.1497916e+01  -4.1572248e+01  -4.2991680e+01  -4.4013447e+01  -4.3757243e+01  -4.3560441e+01
   2.4065932e+00   2.1512795e+00   1.8025285e+00   7.2172964e-01  -1.0664032e+00   8.4883620e-02  -3.0029326e-01   1.1624373e+00
   1.6107638e+00   1.1264784e+00   1.9922741e+00   1.0986156e+00  -9.2913973e-01   9.8342151e-02   1.8338081e-02   1.2294565e+00
   2.1511772e+00   8.2505722e-01   8.9366176e-01  -1.1410605e-01  -9.1640148e-01   5.6333754e-01   7.6689004e-01   2.1232028e+00
   4.3455331e+00   2.9631450e+00  -5.9859832e-01  -1.4047099e+00   4.0656840e-01   8.4657429e-01  -2.4151777e-01  -6.2604757e-01
   6.3241735e+00   2.8638778e+00  -5.3014911e-01  -1.1063571e+00   2.4340879e-01  -2.0727026e-01  -3.5165152e-01   6.7447726e-01
   6.0845875e+00   4.5409530e-01   2.2171096e-01   1.4281542e+00   5.0781890e-01   2.1001521e-01   1.6405730e+00   9.6036394e-01
   6.0063961e+00   3.0415536e-01   3.9026887e-01   1.5875558e+00   1.7552125e-01   3.6905861e-01   2.1074235e+00   1.2076967e+00
  -3.8741269e+00  -3.3477959e+00  -4.9375265e-01   2.9955462e-01  -1.5465704e+00  -8.7041857e-01   8.2829353e-01   3.9856728e-02
  -3.3355417e+00  -3.0122261e+00  -5.9916164e-01   2.6703253e-01  -1.3712437e+00  -5.2275855e-01   1.0031187e+00   4.6436362e-01
  -3.1197101e+00  -1.8652972e+00  -1.0426338e+00   1.1585640e+00   4.2167924e-01   1.3571105e+00   1.6299913e+00   1.0914061e+00
  -7.5026970e+00  -4.2649095e+00  -2.0929891e+00   1.7842276e+00   6.0992018e-01   7.1826580e-01   2.0454458e+00  -6.9347258e-01
  -5.9547547e+00  -4.2526353e+00  -1.8341325e+00   1.6525911e+00   1.6150861e+00   1.9575547e+00   1.0134809e+00  -5.4495299e-01
  -1.7780157e+00  -2.1260489e+00  -1.6832561e+00  -1.0561863e+00   3.9592366e-01   1.6666619e+00   2.0611175e+00   4.9507727e-01
  -1.4735122e+00  -2.3068019e+00  -1.5778253e+00  -1.1027847e+00   4.4781028e-01   1.7362940e+00   2.4036252e+00   7.2935832e-01
  -5.7210063e+01  -5.7892282e+01  -5.9473951e+01  -6.1190074e+01  -6.1870127e+01  -6.0893953e+01  -5.9960728e+01  -5.9759042e+01
  -5.5219185e+01  -5.5803221e+01  -5.6403358e+01  -5.8315415e+01  -5.9163177e+01  -5.8109680e+01  -5.7134420e+01  -5.7110947e+01
  -5.2006409e+01  -5.3023046e+01  -5.3612586e+01  -5.5610280e+01  -5.6173597e+01  -5.4688164e+01  -5.3513487e+01  -5.3637635e+01
  -4.8531579e+01  -4.8722304e+01  -5.1376970e+01  -5.2666901e+01  -5.3980956e+01  -5.3399429e+01  -5.5206656e+01  -5.4959166e+01
  -4.8298824e+01  -5.0496548e+01  -5.3921481e+01  -5.4992587e+01  -5.4346433e+01  -5.5168544e+01  -5.6692229e+01  -5.5529516e+01
  -5.2421516e+01  -5.5907495e+01  -5.6084970e+01  -5.6264257e+01  -5.6299136e+01  -5.6769702e+01  -5.7234834e+01  -5.7479408e+01
  -5.4488322e+01  -5.8072366e+01  -5.7745044e+01  -5.7671729e+01  -5.7992648e+01  -5.8171020e+01  -5.8485443e+01  -5.9067514e+01
  -5.5968628e+01  -5.6670500e+01  -5.9069805e+01  -6.0932795e+01  -6.0676319e+01  -6.2284343e+01  -6.1245704e+01  -6.0463343e+01
  -5.3960703e+01  -5.4100919e+01  -5.6457112e+01  -5.8757832e+01  -5.8437816e+01  -6.0081008e+01  -5.8898566e+01  -5.8506829e+01
  -5.1401668e+01  -5.1298049e+01  -5.2957658e+01  -5.6766819e+01  -5.6569222e+01  -5.7322276e+01  -5.5985962e+01  -5.5961093e+01
  -4.6821400e+01  -4.9196203e+01  -5.1299343e+01  -5.3404724e+01  -5.3324271e+01  -5.5949156e+01  -5.6140145e+01  -5.4697246e+01
  -4.9337305e+01  -5.0767889e+01  -5.3136597e+01  -5.4270417e+01  -5.4481312e+01  -5.5833574e+01  -5.4878007e+01  -5.4425751e+01
  -5.4055161e+01  -5.4921489e+01  -5.6376069e+01  -5.5708021e+01  -5.5957414e+01  -5.7349817e+01  -5.7472262e+01  -5.7847402e+01
  -5.6073047e+01  -5.6594696e+01  -5.8077664e+01  -5.7242204e+01  -5.7497988e+01  -5.9313929e+01  -5.9743490e+01  -6.0242898e+01
