   3.2096961e+00   8.5528620e+00   7.1703766e+00   7.5283395e+00   1.1729149e+01   7.5752722e+00   4.1218824e+00   3.0713290e+00
   3.8433599e+00   1.0470561e+01   7.0242598e+00   6.8239126e+00   1.1548552e+01   5.9235233e+00   2.8654669e+00   1.6425296e+00
   8.0006558e+00   8.0435045e+00   7.0735832e+00   7.3441187e+00   9.3793697e+00   7.2110477e+00   3.4472835e+00   2.7648934e+00
   5.9542687e+00   1.2898877e+01   9.7634076e+00   6.5003693e+00   4.6395318e+00   5.8609009e+00   3.0944730e+00   3.9574158e+00
   7.0460289e+00   7.1972918e+00   7.7315947e+00   4.7811538e+00   5.5042479e+00   3.3271814e+00   5.4253733e-01   7.2156424e-01
   5.0964257e+00   5.1908056e+00   5.3594258e+00   3.5512931e+00   3.1890867e+00   5.4156809e+00   3.9044841e+00   4.0965942e-01
   3.9524194e+00   1.1578218e+00   2.0983466e+00   3.0562528e+00   1.7066179e+00   2.8409840e+00  -2.1096301e+00   2.7261506e+00
  -5.9118443e+00  -8.6233358e+00  -8.6570904e+00  -4.0943384e+00  -4.1161349e+00  -2.6855155e+00   2.0247032e+00   1.0265785e-01
  -7.4553669e+00  -9.2686316e+00  -8.1263580e+00  -4.2737854e+00  -3.8409753e+00  -8.9246364e-01   1.8374054e+00   6.1883314e-01
  -5.2856775e+00  -6.0329002e+00  -5.2137954e+00  -4.7947178e+00  -6.3855780e+00  -5.6289693e+00  -5.0640475e+00  -6.3421722e+00
  -8.4231368e+00  -8.4721890e+00  -1.0627383e+01  -7.5020869e+00  -6.9665287e+00  -8.9867450e+00  -6.8969290e+00  -8.1262862e+00
  -9.6104820e+00  -7.4297664e+00  -3.5234174e+00  -4.2753791e+00  -3.6141754e+00  -2.5566524e+00  -3.3985032e-01   1.8245014e+00
  -6.4581668e+00  -5.1355257e+00  -1.6072685e+00  -8.9210615e-02  -9.9876431e-02  -1.1853918e+00   9.4175603e-01   5.3226432e-01
  -4.4863542e+00  -4.6766044e+00  -6.0994147e-03   2.3353886e-01  -1.2751185e+00  -2.9206197e+00  -2.6101504e+00  -9.2042105e-01
  -1.6988171e-02   4.9872818e-02   1.8619960e-01   1.3305213e-01   1.7652138e-01   8.3358826e-01   1.5277497e+00   1.4763082e+00
  -1.3015919e-02   6.1363130e-02   2.4767165e-01   3.2783970e-01   4.4103012e-01   8.4740026e-01   1.1966242e+00   1.2979988e+00
  -1.4496740e-03   1.1886431e-01   2.0184858e-01   4.9963722e-01   7.2215808e-01   7.8494645e-01   7.0448223e-01   1.1675132e+00
   1.1729153e-01   2.9338185e-02   7.2542642e-02   3.7301110e-02  -5.2708583e-02   4.3914192e-02   5.1953073e-01   8.7989843e-01
   1.3430687e-02  -1.6264370e-02   2.2265517e-01   1.1835787e+00   7.4439209e-01   4.0540476e-01   8.9421429e-01   1.2996425e+00
   9.5629688e-02   4.8633357e-02   5.8818795e-03  -7.0546134e-01  -5.3739659e-01   4.5569478e-01   9.5825278e-01   5.8093662e-01
   9.3088954e-02   2.7516726e-01  -1.2900181e-02  -1.0760234e+00  -5.3246145e-01   5.0219050e-01   4.6248989e-02   3.1322024e-01
   1.5838146e-02   1.5838146e-02   1.5838146e-02  -1.7042637e-01   1.5838146e-02   2.0210266e-01   1.3196898e+00   7.6089621e-01
   1.5838146e-02   1.5838146e-02   1.5838146e-02   1.5838146e-02   1.5838146e-02   3.8836718e-01   1.5059543e+00   9.4716072e-01
   1.5838146e-02   1.5838146e-02   1.5838146e-02   1.5838146e-02   1.5838146e-02   2.0210266e-01   3.8836718e-01   5.7463169e-01
   1.5838146e-02   1.5838146e-02   1.5838146e-02   1.5838146e-02   1.5838146e-02   1.5838146e-02   2.0210266e-01   2.0210266e-01
   1.5838146e-02   1.5838146e-02  -3.5669088e-01   2.0210266e-01   2.0210266e-01   2.0210266e-01   5.7463169e-01   9.4716072e-01
   2.0210266e-01   1.5838146e-02   2.0210266e-01  -1.7042637e-01  -5.4295540e-01   3.8836718e-01   1.1334252e+00   1.5838146e-02
   2.0210266e-01   2.0210266e-01   2.0210266e-01  -3.5669088e-01  -3.5669088e-01   3.8836718e-01  -1.2880135e+00  -7.2921991e-01
  -3.3652645e+01  -3.7502520e+01  -4.0512284e+01  -4.3599793e+01  -4.5577880e+01  -4.7209382e+01  -4.8191572e+01  -4.8092576e+01
  -3.1430005e+01  -3.6242227e+01  -3.9799868e+01  -4.2628377e+01  -4.4172471e+01  -4.5454163e+01  -4.6061138e+01  -4.6025954e+01
  -2.9113147e+01  -3.4335510e+01  -3.7670243e+01  -3.9470760e+01  -4.0207698e+01  -4.1150842e+01  -4.2081950e+01  -4.1959396e+01
  -2.0998298e+01  -2.2024314e+01  -2.3020939e+01  -2.6070703e+01  -3.1024344e+01  -3.4289070e+01  -3.6971139e+01  -3.7732699e+01
  -1.9043267e+01  -2.4916902e+01  -3.3929278e+01  -3.6859188e+01  -3.7194261e+01  -3.8024312e+01  -3.8054136e+01  -3.7904283e+01
  -1.9030329e+01  -2.8029624e+01  -3.3550296e+01  -3.4094469e+01  -3.4243147e+01  -3.4477960e+01  -3.4593396e+01  -3.5027511e+01
  -2.4371929e+01  -3.3169540e+01  -3.4921746e+01  -3.5262784e+01  -3.5742790e+01  -3.6170462e+01  -3.5519095e+01  -3.4528820e+01
   7.7733631e+00   5.6023328e+00   7.0756180e+00   4.3177650e+00   7.5956585e-01   2.2277685e+00   2.3636101e+00   6.6237705e-01
   7.7875218e+00   4.7720953e+00   5.6781436e+00   3.2958839e+00   1.4149560e-02   2.4960120e+00   1.5382428e+00   7.2297535e-01
   6.7043997e+00   5.9223184e+00   4.7013011e+00   4.3895159e+00   3.3947642e+00   1.3181549e+00  -3.9396019e-02   1.7044911e+00
   5.8300970e+00   3.8448537e+00   6.9758724e+00   7.9844397e+00   6.0197661e+00   3.6839292e+00   1.5232997e+00  -6.5231198e-01
   8.3145916e+00   6.0322542e+00   4.9077242e+00   3.9277046e+00   1.8622993e+00  -1.4216395e-01  -1.5359489e+00   1.7518246e-01
   7.8660259e+00   4.9527743e+00   3.1684616e+00   3.0689136e+00   2.0189816e+00  -6.9382783e-02  -7.8089332e-01   6.8212174e-01
   6.5383747e+00   5.0153743e+00   1.8465776e+00   2.6192251e+00   1.2508123e+00  -6.6972229e-01   1.1082917e-01   6.1723451e-01
  -6.1917883e+00  -5.0800529e+00  -3.9763001e+00  -3.7133038e+00  -4.6180539e+00  -4.4481176e+00  -2.8319438e+00  -2.7734376e+00
  -5.3678759e+00  -4.4135830e+00  -3.5293906e+00  -3.6665712e+00  -4.1649116e+00  -4.0498763e+00  -2.0572897e+00  -2.1688252e+00
  -6.0011630e+00  -5.4487742e+00  -4.6672764e+00  -2.9555582e+00  -2.7432773e+00  -2.7297785e+00  -1.8372994e+00  -8.4846170e-01
  -7.6640292e+00  -6.9262120e+00  -5.7528299e+00  -5.4896307e+00  -3.8335639e+00  -2.7319197e+00  -2.4952224e+00  -4.8257513e-01
  -6.8199274e+00  -5.4695072e+00  -4.0301207e+00  -3.5359975e+00  -2.9681808e+00  -1.0441054e+00   4.5506907e-01  -2.5461307e-01
  -8.5563420e+00  -5.0760760e+00  -1.5186890e+00  -3.9153416e+00  -5.5899400e-01  -4.3353491e-01  -1.6833979e+00  -1.4368380e+00
  -7.1832124e+00  -2.1248631e+00  -1.1876743e+00  -3.2336730e+00  -4.4922573e-01   5.8123318e-01   1.1768935e+00   1.6419052e-01
  -4.5628117e+01  -5.2339488e+01  -5.5224457e+01  -5.7392380e+01  -6.2013436e+01  -6.3429970e+01  -6.3885899e+01  -6.3399886e+01
  -4.3820494e+01  -5.1908889e+01  -5.4288859e+01  -5.6527967e+01  -6.0924909e+01  -6.1102818e+01  -6.2233972e+01  -6.0992285e+01
  -4.2702110e+01  -4.8800426e+01  -5.2908998e+01  -5.4385400e+01  -5.5935326e+01  -5.6554410e+01  -5.7825876e+01  -5.8200027e+01
  -3.8765950e+01  -4.0669005e+01  -4.0006095e+01  -3.9707220e+01  -4.4076391e+01  -4.8870364e+01  -5.1703024e+01  -5.4145006e+01
  -3.2627943e+01  -3.7064607e+01  -4.5264323e+01  -5.0080686e+01  -5.2081873e+01  -5.2955108e+01  -5.3810310e+01  -5.3016253e+01
  -3.1061422e+01  -3.9404987e+01  -4.8689562e+01  -4.8938432e+01  -4.8247749e+01  -5.0562197e+01  -5.0845990e+01  -4.9063665e+01
  -3.4957623e+01  -4.3710760e+01  -5.0737087e+01  -5.0403364e+01  -4.9598027e+01  -5.1801183e+01  -4.9123186e+01  -4.8756147e+01
  -4.7465966e+01  -5.3314601e+01  -5.4858890e+01  -5.6314149e+01  -5.8824190e+01  -5.9353454e+01  -5.9751096e+01  -6.1247387e+01
  -4.6069318e+01  -5.2083450e+01  -5.3545365e+01  -5.4920633e+01  -5.7658880e+01  -5.7672088e+01  -5.7663836e+01  -5.9321633e+01
  -4.1971161e+01  -4.6628913e+01  -5.0787993e+01  -5.3049936e+01  -5.5411960e+01  -5.5783919e+01  -5.6051719e+01  -5.6533960e+01
  -3.6554949e+01  -3.8851534e+01  -3.9167231e+01  -3.9938504e+01  -4.4858736e+01  -4.9419776e+01  -5.2022804e+01  -5.4336480e+01
  -3.4362873e+01  -3.8264827e+01  -4.6195938e+01  -5.0928895e+01  -5.1038512e+01  -5.3008833e+01  -5.2368780e+01  -5.1664801e+01
  -3.0669474e+01  -3.9853006e+01  -4.5624071e+01  -4.6100882e+01  -4.7674672e+01  -4.8440989e+01  -4.9706643e+01  -5.1060105e+01
  -3.4282363e+01  -4.6051263e+01  -4.7369897e+01  -4.7757283e+01  -4.9099094e+01  -5.0530812e+01  -5.2368711e+01  -5.1786807e+01
