   9.0112947e+00   1.8882371e+00   1.1336187e+00   8.6466554e-01   2.1603564e+00  -7.5249858e-01  -3.2414610e+00   1.9918258e-01
   8.8111419e+00   1.6727720e+00  -7.7830384e-02   1.5644142e+00   1.9248743e+00   4.8128667e-01  -2.3733016e+00   7.9272174e-02
   6.2091791e+00   3.8193446e+00   4.2256366e+00   1.9703204e+00   1.7539181e-02   1.9654113e+00   2.1991484e+00   2.3367912e+00
   8.5951823e+00   6.4459728e+00   2.7439423e+00   7.0255391e-01  -2.5234684e+00  -8.2317923e-01   9.3998540e-01   1.6262962e+00
   8.8285448e+00   6.9529767e+00   4.7337959e+00  -1.3810851e+00  -3.0906712e+00  -3.7375906e+00  -1.0871145e+00   1.4962285e+00
   6.2469573e+00   3.2500816e+00   2.1008678e+00  -1.3420233e+00  -2.9164047e+00  -1.7224503e+00  -1.4749286e+00   2.7129201e+00
   3.8859350e+00   8.7555806e-02   5.0926248e-01  -1.1165040e+00  -3.5438586e+00  -1.4888472e+00  -1.9093653e-01   3.2113591e+00
  -5.5372909e+00  -5.8170853e+00  -3.2300954e+00  -7.0061937e-01  -1.4985595e+00  -3.1831149e+00  -2.2026329e-01   8.4955196e-01
  -4.8780629e+00  -4.5066979e+00  -2.3810847e+00  -7.3835224e-01  -4.4800279e-01  -1.0953093e+00   1.6320541e-01  -2.8631662e-01
  -5.5687362e+00  -6.3423503e+00  -4.3398060e+00  -2.4314621e+00   2.8387552e+00   2.1751910e+00  -9.9049862e-01  -2.5471935e+00
  -7.3095171e+00  -6.4643920e+00  -4.8929629e+00  -4.4030652e+00  -1.7936977e+00  -1.6435372e+00  -9.3683177e-01  -1.5312990e+00
  -3.3703525e+00  -4.1757510e+00  -3.7523260e+00  -2.1288674e+00  -2.8488602e+00  -3.8904730e+00  -8.7384445e-01   3.0444914e+00
  -5.4076260e+00  -6.6815332e+00  -2.5502410e+00  -1.6982163e+00  -2.0040819e+00  -3.7009025e-01   1.3856268e+00   2.0763902e+00
  -4.6536909e+00  -4.7275625e+00  -2.0895807e+00  -1.6580898e+00  -1.2787969e+00   5.5506867e-01   2.0885284e+00   3.0866952e+00
  -2.4638754e-01   5.9761938e-01   2.0381735e+00   1.6787855e+00   8.7152123e-01   1.7560444e+00   2.5635920e+00   5.7965789e-01
  -2.4537793e-01   3.5417726e-01   1.7496457e+00   1.3715245e+00   5.6954877e-01   1.5165607e+00   2.3102138e+00   6.1778742e-01
  -1.7890155e-01  -1.1706346e-01   7.4686797e-01   9.1378525e-01   1.0601137e-01   8.6517213e-01   1.4674446e+00   9.5298611e-01
   2.1198252e-01  -1.8420993e-02  -9.3770556e-02   2.8164986e-01   9.0411019e-02  -1.7403439e-01   8.2400058e-01   3.1614222e-02
  -9.8774542e-02  -1.9047482e-01  -4.3373439e-01  -9.3419934e-01  -9.4912169e-01  -1.7729894e-01   6.7214127e-02  -1.6930519e-01
  -2.7704390e-01  -7.9134505e-02   2.4620959e-01  -4.3860487e-01  -6.4992381e-01   7.2963855e-01   7.6304001e-01   1.0005586e+00
   6.4322622e-02   3.6599954e-01   9.5473293e-01   3.8460914e-01  -2.8179812e-01   8.4801428e-01   9.2057935e-01   1.4448004e+00
   5.6617260e-02   4.2914629e-01   3.0368495e+00   2.6643205e+00   9.8793983e-01   3.0368495e+00   4.8994946e+00   9.8793983e-01
   5.6617260e-02   4.2914629e-01   2.4780560e+00   2.2917914e+00   8.0167532e-01   2.8505850e+00   4.5269656e+00   9.8793983e-01
   2.4288177e-01   2.4288177e-01   6.1541080e-01   1.1742043e+00   4.2914629e-01   1.9192624e+00   2.8505850e+00   1.9192624e+00
   2.4288177e-01   5.6617260e-02   5.6617260e-02   2.4288177e-01   5.6617260e-02   2.4288177e-01   1.7329979e+00   4.2914629e-01
  -1.2964725e-01  -3.1591177e-01  -3.1591177e-01  -1.9922924e+00  -1.9922924e+00  -5.0217628e-01   2.4288177e-01   5.6617260e-02
  -1.2964725e-01  -3.1591177e-01   5.6617260e-02  -1.0609698e+00  -1.8060279e+00   9.8793983e-01   1.3604689e+00   2.1055269e+00
  -1.2964725e-01  -1.2964725e-01   1.1742043e+00   4.2914629e-01  -1.4334989e+00   8.0167532e-01   9.8793983e-01   2.6643205e+00
  -4.1411233e+01  -4.2543385e+01  -4.1097130e+01  -4.3153725e+01  -4.4471391e+01  -4.3259411e+01  -4.1878730e+01  -4.4252455e+01
  -3.9453508e+01  -4.0883669e+01  -4.0088081e+01  -4.1333979e+01  -4.2109492e+01  -4.1364972e+01  -4.0416052e+01  -4.2261797e+01
  -3.5933057e+01  -3.7467086e+01  -3.7231199e+01  -3.7730178e+01  -3.8273586e+01  -3.7673795e+01  -3.7287609e+01  -3.8367493e+01
  -3.2303823e+01  -3.4307760e+01  -3.5208255e+01  -3.5926003e+01  -3.6526586e+01  -3.5701186e+01  -3.5285690e+01  -3.6428880e+01
  -3.1791158e+01  -3.4305915e+01  -3.4485588e+01  -3.4700305e+01  -3.4844703e+01  -3.4605399e+01  -3.4630244e+01  -3.4991185e+01
  -3.2389245e+01  -3.4847724e+01  -3.5147863e+01  -3.5135622e+01  -3.5651692e+01  -3.5690368e+01  -3.5601774e+01  -3.5998728e+01
  -3.2855248e+01  -3.5121589e+01  -3.5753957e+01  -3.6201470e+01  -3.7050096e+01  -3.7044271e+01  -3.6861889e+01  -3.7433850e+01
  -4.3326725e-01   1.2848776e+00   1.9355701e+00   2.4207891e+00  -1.7941120e+00  -1.0819718e+00  -9.2975241e-01  -1.7887302e-01
  -8.6173564e-03   2.5892673e+00   1.3197046e+00   1.1397000e+00  -1.3264634e+00  -5.4827819e-01  -2.0786001e-01   9.4996568e-02
   1.9484414e+00   3.0516861e+00   2.3427450e-01   1.5884013e-01   1.5355155e+00   1.0627659e+00  -1.2535655e-02   9.8452748e-02
   1.3333645e+00   2.0825621e-01   1.8947699e+00   2.3323468e+00   2.4149855e+00   1.5242988e+00   4.1620271e+00   1.6746378e+00
   1.7335034e+00   1.9709358e+00   8.0429693e-01   2.5936144e-01  -2.1738476e-01   1.2314101e+00   1.4401145e+00  -1.4203838e+00
  -2.1364062e+00  -4.6967308e-01  -1.9778256e-01   4.3970911e-01   4.8660737e-01  -2.4525982e-01  -5.6741946e-01  -3.0249955e+00
  -2.8795594e-01   2.0008378e+00   1.9383100e+00   2.1179892e-01   1.1201616e+00  -1.1259571e-01   2.7896743e-01  -2.1013619e+00
  -2.0390730e+00  -7.8764182e-02  -3.9127662e-01  -7.9437205e-01   2.7888420e-01   1.6742263e-01  -1.2486691e-01  -1.1614433e-01
  -2.6326204e+00  -2.0482972e+00  -1.1569475e+00  -2.6783668e-01   8.3313755e-02  -1.5731948e+00  -3.0271001e-01   1.0320684e+00
  -4.2677293e+00  -1.7744354e+00  -4.2046179e-01  -3.2846360e-01  -2.2018813e-01  -5.5003106e-01  -7.1440218e-01   3.0834293e+00
  -3.8569721e+00  -2.4890421e+00   1.1782634e+00   1.5513694e+00   1.2106204e+00  -3.7480438e-01  -2.4017504e-01   1.5434696e+00
  -2.6725764e+00   4.5873256e-01   2.2542706e+00   1.9061909e+00   2.5463004e+00   2.8908609e+00   6.0599685e-01  -7.2875942e-01
   1.5334079e+00   3.4198327e+00   3.8409200e-02   4.7369296e-01   2.5794740e+00   2.7344343e+00   2.0114763e+00   4.1409301e-01
   3.8509527e+00   3.6446095e+00   1.1806168e-01   5.6639575e-03   2.2589673e+00   2.4870401e+00   1.8648586e+00  -2.0622510e-01
  -5.5872948e+01  -5.7687450e+01  -5.7540648e+01  -5.8856581e+01  -6.0498280e+01  -5.9171922e+01  -5.8514816e+01  -6.0262215e+01
  -5.4110504e+01  -5.5733768e+01  -5.6176334e+01  -5.7611068e+01  -5.8134302e+01  -5.7240134e+01  -5.7318812e+01  -5.8822459e+01
  -5.0334079e+01  -5.2862909e+01  -5.3066416e+01  -5.4651834e+01  -5.4041813e+01  -5.2901928e+01  -5.3224895e+01  -5.5175579e+01
  -4.8272310e+01  -4.9692261e+01  -4.9405831e+01  -4.9660207e+01  -4.9060088e+01  -4.9704302e+01  -5.0908858e+01  -5.1316802e+01
  -4.5629692e+01  -4.9740211e+01  -5.2099264e+01  -5.1193056e+01  -4.9661880e+01  -4.9043934e+01  -4.9282411e+01  -5.0298770e+01
  -4.8211431e+01  -4.9581782e+01  -5.0764490e+01  -5.0699232e+01  -5.0590857e+01  -5.0277033e+01  -5.0197801e+01  -5.2955928e+01
  -4.7837547e+01  -4.8614673e+01  -5.0927026e+01  -5.1803677e+01  -5.1628063e+01  -5.1269562e+01  -5.1233101e+01  -5.4451625e+01
  -5.4748283e+01  -5.8689682e+01  -5.7042051e+01  -5.8918503e+01  -6.0116218e+01  -6.0119915e+01  -5.8476470e+01  -6.0137325e+01
  -5.2441944e+01  -5.5981210e+01  -5.5107498e+01  -5.7027642e+01  -5.7302573e+01  -5.7386451e+01  -5.7111180e+01  -5.8882866e+01
  -4.8072548e+01  -5.1831458e+01  -5.2262039e+01  -5.2566459e+01  -5.2790991e+01  -5.2919171e+01  -5.4771764e+01  -5.6209512e+01
  -4.5416173e+01  -4.8258825e+01  -5.0841108e+01  -5.2632235e+01  -5.3774014e+01  -5.1333461e+01  -5.1440067e+01  -5.3162376e+01
  -4.5428798e+01  -4.9916457e+01  -5.1203842e+01  -5.1118017e+01  -5.2110133e+01  -5.1852149e+01  -5.0875326e+01  -5.0213526e+01
  -4.8509193e+01  -5.1999832e+01  -5.1451011e+01  -5.0900279e+01  -5.2276914e+01  -5.2444693e+01  -5.2339298e+01  -5.1190725e+01
  -4.9743479e+01  -5.2480951e+01  -5.2554459e+01  -5.2279313e+01  -5.3511715e+01  -5.3818751e+01  -5.4020168e+01  -5.2690695e+01
