   3.9806028e+00   3.4925460e+00   3.3706932e+00  -1.6640716e+00  -4.0771162e+00  -6.4784991e-01   2.5808030e+00   4.6773842e+00
   4.0300792e+00   4.0064940e+00   2.9358773e+00  -2.4051743e+00  -3.6141893e+00   1.5825300e+00   3.0337939e+00   3.0676697e+00
   4.9118789e+00   6.5979385e+00   1.9093528e+00   1.4485528e+00   2.7976872e+00   1.5392453e+00   9.6916235e-01   2.4626782e+00
   7.9330303e+00   5.2109246e+00   3.6783009e+00  -2.8157505e-01   1.9819196e+00   1.9995917e+00   2.2796680e+00   2.5468890e+00
   8.3887966e+00   3.3663584e+00  -2.4649935e-01  -2.7191820e+00  -1.9529473e+00  -2.9839033e+00  -1.4457362e-01   1.2739536e+00
   6.7499764e+00   4.2500043e+00   1.5779113e+00  -2.5206944e+00  -1.3654630e+00  -1.3247249e+00  -2.0262589e+00  -7.0366450e-01
   6.3243813e+00   3.9396958e+00   1.3017607e+00  -2.1095365e+00   4.6106235e-01   1.1175482e+00  -1.4126919e+00  -2.2574318e-02
  -4.6674867e+00  -1.3940186e+00  -2.7064311e+00  -2.2834541e+00  -1.2630232e+00  -1.0153591e+00  -1.6408710e+00  -3.9765350e-02
  -5.7142942e+00  -2.9881049e+00  -4.4384509e+00  -1.3858545e+00  -1.6351716e+00  -1.1960436e+00  -2.0558409e+00  -1.9129832e+00
  -6.4528237e+00  -7.6862211e+00  -3.6889112e+00  -1.9690830e-01  -8.9875956e-01   6.8709382e-01  -8.1002330e-01  -1.6864840e+00
  -8.1042043e+00  -1.0947956e+01  -9.6191277e+00  -2.6363920e+00  -9.1283354e-01  -1.9555635e+00  -1.5454707e+00  -6.7073590e-01
  -6.2385052e+00  -4.5280766e+00  -4.4013217e+00   6.7398735e-01  -5.8569559e-01  -2.6402739e+00  -2.0824373e+00  -2.5403551e+00
  -6.9261556e+00  -3.9934329e+00  -1.8703683e+00  -3.6959338e-01  -2.1594380e+00  -1.7178069e-01   5.7664266e-01  -3.1284431e+00
  -6.7003614e+00  -3.3165054e+00  -1.6704192e+00  -7.1169235e-01  -2.1411654e+00  -6.8336009e-01   6.4744188e-02  -2.5559422e+00
   3.0769366e+00   4.7185212e+00   3.3727732e+00   3.2013412e+00   2.2088095e+00   1.1062637e+00   6.0269761e-01   9.9888282e-01
   2.3683369e+00   3.7945294e+00   2.7938680e+00   2.7282141e+00   1.6521359e+00   6.2441078e-01   4.8475462e-01   6.6213770e-01
   8.0523675e-01   1.1692522e+00   1.0730787e+00   9.4737466e-01   7.4392195e-01   5.6280787e-01   1.0709551e+00   1.6068670e+00
   3.5872384e-01   6.3783023e-01   8.2506580e-01   9.5513901e-01   1.0161508e+00   7.8649095e-01   1.0201929e+00   1.0140751e+00
   6.1752049e-01   1.8160850e+00   1.3019237e+00   1.9136183e+00   1.4173744e+00   6.7062812e-01   5.5794435e-01   1.5149078e+00
   5.8489902e-01   9.3645978e-01   1.3929186e+00   1.9732250e+00   1.8613697e+00   1.3902749e+00   8.0416351e-01   8.1679190e-01
   6.4962628e-01   1.0768779e+00   1.4926027e+00   2.0025308e+00   1.8315788e+00   1.6397922e+00   1.2438863e+00   8.7326653e-01
   9.8793983e-01   6.2033463e+00   4.7132301e+00   4.1544366e+00   2.4780560e+00   1.3604689e+00   2.4288177e-01   8.0167532e-01
   6.1541080e-01   4.3407011e+00   3.4093785e+00   2.6643205e+00   1.5467334e+00   6.1541080e-01   5.6617260e-02   2.4288177e-01
   2.4288177e-01   4.2914629e-01   2.4288177e-01   4.2914629e-01   6.1541080e-01   2.4288177e-01   9.8793983e-01   1.7329979e+00
   2.4288177e-01   2.4288177e-01   2.4288177e-01   5.6617260e-02   4.2914629e-01   4.2914629e-01   6.1541080e-01   1.1742043e+00
   5.6617260e-02   8.0167532e-01   8.0167532e-01   2.2917914e+00   1.7329979e+00   2.4288177e-01  -3.1591177e-01   1.1742043e+00
   5.6617260e-02   2.4288177e-01   9.8793983e-01   2.2917914e+00   2.2917914e+00   1.1742043e+00   4.2914629e-01   6.1541080e-01
   5.6617260e-02   5.6617260e-02   1.3604689e+00   2.4780560e+00   2.2917914e+00   1.5467334e+00   1.1742043e+00   8.0167532e-01
  -3.9196389e+01  -3.8552362e+01  -4.1729410e+01  -4.2496767e+01  -4.2070374e+01  -4.2399992e+01  -4.3125469e+01  -4.1182751e+01
  -3.7261266e+01  -3.7027050e+01  -3.9736530e+01  -4.0907295e+01  -4.0696616e+01  -4.0887524e+01  -4.1527092e+01  -4.0154720e+01
  -3.4642616e+01  -3.5808283e+01  -3.6842535e+01  -3.8691832e+01  -3.8658733e+01  -3.8348897e+01  -3.8630237e+01  -3.7776787e+01
  -3.1289863e+01  -3.2504313e+01  -3.4030975e+01  -3.5808043e+01  -3.5974039e+01  -3.5992518e+01  -3.6590579e+01  -3.6133714e+01
  -3.1384237e+01  -3.4051400e+01  -3.5679684e+01  -3.5773999e+01  -3.5367005e+01  -3.5385763e+01  -3.5459564e+01  -3.4979838e+01
  -3.4766391e+01  -3.8563220e+01  -3.9045229e+01  -3.8999621e+01  -3.8461241e+01  -3.8387633e+01  -3.8041869e+01  -3.7140544e+01
  -3.7326429e+01  -4.0850081e+01  -4.1157645e+01  -4.1155206e+01  -4.0106909e+01  -3.9870655e+01  -3.9861540e+01  -3.8352455e+01
   1.7338453e+00   5.9965552e-01   4.7246486e-01   3.8449785e+00   1.7982177e+00  -7.3008374e-01   9.0630979e-01  -2.3668094e+00
   1.4394114e+00   1.6814383e+00   3.2198461e+00   5.0704314e+00   3.1614931e+00  -5.2638582e-01  -4.3705896e-01  -1.1612274e+00
  -2.4754654e-02  -8.0251558e-01   3.8089760e+00   1.6764102e+00  -3.9485172e+00   8.8036607e-01   6.4515715e-02  -2.5534545e+00
   1.6589255e+00   7.7338175e-02   3.5712980e+00   3.4514390e+00   3.7115492e+00   1.0547018e+00  -1.3446520e+00  -2.7435826e+00
   3.5429604e+00   2.9185516e+00   1.7059568e+00   9.3054324e-01   1.4145938e-01  -1.8495604e+00  -4.6909721e+00  -2.5954308e+00
   4.0347852e+00   1.4157063e+00   1.6186471e-01   3.0589645e+00   2.4953352e+00  -6.4267633e-01  -4.0314419e+00  -1.8256902e+00
   3.9071110e+00   1.2863946e+00   1.5737525e-01   2.9274389e+00   1.8538795e+00  -2.2050273e-01  -3.6500219e+00  -2.9480702e+00
  -5.5342599e-01   8.0130389e-02   1.0937951e+00  -7.4038264e-01   1.8858211e-01   4.2274418e-01   7.4987488e-01  -2.8481421e+00
  -1.0828576e+00   4.0455754e-01   1.9964328e+00  -6.7657490e-01   6.9162431e-01  -1.9040607e-01  -1.0991469e+00  -2.0852838e+00
  -3.8837619e+00  -1.4991485e-01   6.7640090e-01  -5.5745657e-01   3.3118618e-01   5.4769566e-01  -1.5785323e+00  -9.8097984e-01
  -7.3059237e+00  -5.0562078e+00  -1.2058569e+00  -1.0711355e-02   1.0527207e+00   5.8524299e-01   5.2516519e-01  -7.4049145e-01
  -5.4692590e+00  -1.0258641e+00   2.9791123e+00   3.3700807e+00   2.3057773e+00   2.3879043e+00   1.3356715e+00   1.2549623e+00
  -5.2974999e+00  -2.0020814e-01   1.3468965e+00   2.0976175e+00   1.7166431e+00  -8.3415481e-01  -7.7762441e-01   2.4463549e+00
  -5.2413986e+00  -4.5467529e-01   1.5849506e+00   2.1446310e+00   4.6748942e-01  -2.0864871e+00  -1.1895245e+00   7.3315513e-01
  -5.2952816e+01  -5.3723082e+01  -5.8106942e+01  -5.8258712e+01  -5.6593258e+01  -5.7685782e+01  -5.8776584e+01  -5.6890363e+01
  -5.1176500e+01  -5.2259849e+01  -5.5161666e+01  -5.5809696e+01  -5.6389703e+01  -5.7829354e+01  -5.7949523e+01  -5.5922027e+01
  -4.8604452e+01  -5.1754753e+01  -5.1312969e+01  -5.2905111e+01  -5.4738829e+01  -5.2469517e+01  -5.3828695e+01  -5.3259133e+01
  -4.6723031e+01  -4.8299398e+01  -4.7859046e+01  -4.9061707e+01  -5.0371579e+01  -5.1140944e+01  -5.2245776e+01  -5.2172746e+01
  -4.5147306e+01  -4.9348243e+01  -5.0329936e+01  -4.9276081e+01  -4.9597063e+01  -4.9815684e+01  -5.0548980e+01  -5.0044479e+01
  -4.6574229e+01  -5.3050881e+01  -5.5089476e+01  -5.3031461e+01  -5.3329054e+01  -5.4215001e+01  -5.3820093e+01  -5.1532127e+01
  -4.8800471e+01  -5.5046963e+01  -5.7050761e+01  -5.5485601e+01  -5.5620939e+01  -5.5711377e+01  -5.5526822e+01  -5.2509690e+01
  -5.4177519e+01  -5.4969480e+01  -5.9269755e+01  -5.8148032e+01  -5.7069757e+01  -5.7669011e+01  -5.9774348e+01  -5.7141846e+01
  -5.2403013e+01  -5.3396592e+01  -5.7488879e+01  -5.5525744e+01  -5.5681395e+01  -5.6137968e+01  -5.8294077e+01  -5.7218706e+01
  -4.8905883e+01  -5.2234091e+01  -5.4388913e+01  -5.3905351e+01  -5.3355630e+01  -5.3075086e+01  -5.3522416e+01  -5.3542962e+01
  -4.4978838e+01  -4.7449780e+01  -5.0305350e+01  -5.1560752e+01  -5.1036350e+01  -5.1041144e+01  -5.2543875e+01  -5.2721546e+01
  -4.5035409e+01  -4.8336193e+01  -5.1676709e+01  -5.1473560e+01  -5.0990617e+01  -5.2999354e+01  -5.3120287e+01  -5.2934012e+01
  -4.8385695e+01  -5.3793210e+01  -5.4897435e+01  -5.4476646e+01  -5.4226082e+01  -5.3837608e+01  -5.4181069e+01  -5.4711992e+01
  -5.0759496e+01  -5.6056223e+01  -5.6855462e+01  -5.6496898e+01  -5.5768935e+01  -5.5530358e+01  -5.5875565e+01  -5.5034098e+01
