   6.2386070e+00   3.5746489e+00   1.9385787e+00   4.0946239e-02   2.1268622e-01  -1.9723596e+00  -3.0962012e+00   7.6068331e-02
   6.0986085e+00   3.4465305e+00   2.2301519e+00   5.8619809e-01   7.8375527e-01  -1.1874170e+00  -1.7014915e+00  -1.1997677e-01
   5.7382929e+00   5.0558017e+00   3.0912552e+00   1.0099381e+00   2.0712363e+00   4.9022797e-02   1.1061390e+00   1.2980998e+00
   7.5703002e+00   4.6739976e+00   1.7999217e+00   3.5291076e-01   2.8143128e+00  -4.8147901e-01  -1.8673228e+00  -6.8855541e-02
   9.2538783e+00   8.8537857e+00   3.3434088e+00   2.4802959e+00   1.6196791e-01  -8.0359981e-01  -2.4612756e+00   1.4643440e+00
   6.6628332e+00   4.8936365e+00   2.1075193e+00   2.0905395e+00   1.6151626e+00   1.3436433e+00   2.9222764e-01   1.3814073e+00
   5.8450555e+00   3.3921782e+00   2.8645430e-01   1.7923197e+00   1.9416560e+00   1.4097285e+00   5.5705368e-01   1.4147673e+00
  -9.2683031e+00  -6.1690562e+00  -1.2624654e+00  -2.6138447e+00  -1.7765954e+00  -1.9011844e+00  -2.1011085e+00   1.9463388e+00
  -8.3539952e+00  -5.0917787e+00  -3.5722627e-01  -2.2646314e+00  -2.4715188e+00  -1.6668398e+00  -1.0247681e+00   2.3208837e+00
  -3.7453805e+00  -4.8702067e+00  -2.6689377e+00  -4.2814068e+00  -5.1740244e+00  -3.7765536e+00  -4.3684602e-01   3.8221816e-01
  -9.2721250e+00  -9.4016431e+00  -7.2108433e+00  -4.6034925e+00  -2.4090974e+00   2.0459480e+00   2.5469239e+00  -1.7758383e+00
  -1.1762661e+01  -7.1661220e+00  -5.4372340e+00  -3.3154851e+00  -4.6541730e-01   2.3661123e+00   1.8137258e+00   1.0236099e+00
  -8.3857692e+00  -4.6738603e+00  -1.2930100e+00   7.6283502e-01   1.2530360e+00   3.0005374e-01   7.8282749e-01  -6.0828917e-01
  -6.6683516e+00  -3.8513212e+00  -1.8167778e+00   8.1803913e-01   1.5251786e+00  -4.5555482e-01   2.5347173e-02  -4.3752034e-01
   1.7331190e-01   1.1742322e-01  -1.4496657e-01  -1.1858580e-01   1.2471122e-01   6.4286369e-01   6.7480185e-01   9.9431063e-01
   2.0811226e-01   3.4638424e-01   2.4528019e-01   6.2652291e-02   2.2207061e-01   5.2628548e-01   3.6864180e-01   8.9003990e-01
   1.6148137e-01   3.2614565e-01  -1.7278813e-02  -1.9031787e-01  -5.3598641e-02  -5.6110432e-01  -4.9610232e-01  -3.2535184e-01
   1.1078439e-01  -6.0689901e-02  -5.5590993e-01  -6.7560144e-01  -1.3403428e+00  -2.2015362e+00  -5.3664839e-01   1.1564941e+00
   6.1540769e-03   8.4285146e-02  -6.5973684e-01  -1.0408248e+00  -1.0938235e+00  -6.6700444e-01   2.1227367e-01   6.7423860e-01
  -1.9046158e-01  -7.0780252e-01  -1.1631573e+00  -7.3071652e-01   6.4917290e-01   1.1237640e+00   1.2607859e+00   1.1693490e+00
  -2.4054892e-01  -9.0903612e-01  -9.8885164e-01  -3.8257407e-01   1.1252881e+00   1.4074720e+00   1.4513232e+00   1.3710643e+00
   2.4288177e-01   2.4288177e-01   5.6617260e-02   5.6617260e-02   5.6617260e-02   8.0167532e-01   4.2914629e-01   1.9192624e+00
   2.4288177e-01   2.4288177e-01   4.2914629e-01   2.4288177e-01   5.6617260e-02   6.1541080e-01   2.4288177e-01   1.7329979e+00
   5.6617260e-02   5.6617260e-02   2.4288177e-01   5.6617260e-02  -3.1591177e-01  -8.7470531e-01  -5.0217628e-01  -1.2964725e-01
   2.4288177e-01   2.4288177e-01   2.4288177e-01  -1.2964725e-01  -1.4334989e+00  -3.2961440e+00  -3.1591177e-01   1.7329979e+00
   5.6617260e-02   2.4288177e-01  -3.1591177e-01  -1.0609698e+00  -1.8060279e+00  -6.8844080e-01   8.0167532e-01   1.7329979e+00
   5.6617260e-02   5.6617260e-02  -1.0609698e+00  -1.0609698e+00   1.1742043e+00   1.9192624e+00   1.9192624e+00   1.7329979e+00
  -1.2964725e-01  -1.2964725e-01  -8.7470531e-01  -6.8844080e-01   2.2917914e+00   2.2917914e+00   2.1055269e+00   2.1055269e+00
  -3.9860458e+01  -4.2918019e+01  -4.4657817e+01  -4.5493846e+01  -4.5749082e+01  -4.5254509e+01  -4.4944616e+01  -4.5150474e+01
  -3.8112534e+01  -4.0697854e+01  -4.2027279e+01  -4.3219890e+01  -4.3799022e+01  -4.3479844e+01  -4.3248325e+01  -4.3485457e+01
  -3.5307727e+01  -3.6469111e+01  -3.7232626e+01  -3.9016417e+01  -4.0023476e+01  -3.9696389e+01  -3.9733413e+01  -4.0006790e+01
  -3.1158617e+01  -3.3072129e+01  -3.4646063e+01  -3.6036570e+01  -3.6304759e+01  -3.5538771e+01  -3.6141996e+01  -3.6039124e+01
  -2.8515489e+01  -3.3418090e+01  -3.6495444e+01  -3.6775770e+01  -3.6044318e+01  -3.5491611e+01  -3.5501397e+01  -3.5160870e+01
  -3.2408062e+01  -3.7261959e+01  -3.9292473e+01  -3.8460350e+01  -3.7007379e+01  -3.6931775e+01  -3.7903204e+01  -3.8338297e+01
  -3.5242459e+01  -3.9481396e+01  -4.1032670e+01  -3.9944865e+01  -3.8161942e+01  -3.8003711e+01  -3.9423356e+01  -4.0220928e+01
   4.4112976e+00   3.6337802e+00   2.8767921e+00   1.3899734e+00   1.7244504e+00   8.8896291e-01  -1.0547616e+00  -1.0363165e+00
   3.6163822e+00   2.4618884e+00   1.9089662e+00   7.6380298e-01   2.7603683e+00   1.9477271e+00  -5.3106972e-01  -7.2520820e-01
   1.3665792e+00   1.9201970e-02  -6.4202917e-01  -1.0532781e+00   1.4351577e+00   2.6022841e+00  -3.3457128e-01  -1.5567340e+00
   2.8921204e+00   3.2546280e+00   4.7247186e-01   1.6826532e+00   3.7946232e-01   8.6221013e-01  -4.8664786e-01  -1.0609309e+00
   4.4833461e+00   6.0700097e-01  -1.4514566e+00  -2.0467933e+00  -7.1332907e-01   1.2820899e+00   3.4521598e+00   6.1951786e-01
   5.2194999e+00   1.2910145e+00  -2.1654349e+00  -1.2106292e+00  -1.9320497e+00   3.0617140e+00   3.5954232e+00  -6.1925501e-01
   4.8605522e+00   1.3818830e+00  -1.3111024e+00  -8.3373342e-01  -2.2344636e+00   3.4905894e+00   3.2361361e+00  -2.1878615e+00
  -4.2969657e+00  -5.7558037e+00  -1.7540059e+00   1.5024817e+00   3.8247817e-01  -6.6188219e-01   2.1898837e+00   1.5905930e-01
  -3.0113688e+00  -4.1256710e+00  -1.9609827e+00   6.7661685e-01   7.4065226e-01   9.7512458e-02   2.0407111e+00   1.0103401e-01
  -1.6641767e+00  -1.2869836e+00  -2.2728532e+00   6.9592779e-02   3.9405127e-01   1.1926837e+00   4.2635728e-01   6.0190159e-01
  -5.1172912e+00  -4.3479861e+00  -7.7411578e-01   3.1206193e+00   1.0037560e+00  -1.4508499e+00  -2.6444095e+00  -5.6994158e-02
  -4.1744713e+00  -4.4450209e+00  -2.6874689e-01   2.6234568e+00   2.1115252e+00  -7.6725304e-01   9.8656261e-01   3.3073975e+00
  -4.6111967e+00  -4.5020043e+00  -1.7047272e+00  -5.0354356e-01   1.6043847e+00   4.8913608e-01  -8.5488119e-01   7.3067735e-01
  -4.2083024e+00  -3.5953314e+00  -1.3651961e+00  -5.6281697e-01   1.8975828e+00   1.4854471e+00  -5.9061889e-01   2.0234278e-01
  -5.4728384e+01  -5.7097395e+01  -5.8554300e+01  -5.9986117e+01  -6.0747053e+01  -5.9447407e+01  -5.9828944e+01  -6.1911506e+01
  -5.2815348e+01  -5.4948359e+01  -5.6193318e+01  -5.7721449e+01  -5.8814226e+01  -5.7794033e+01  -5.8315393e+01  -6.0173861e+01
  -4.9958142e+01  -5.1666419e+01  -5.2383111e+01  -5.3952248e+01  -5.5576092e+01  -5.4425759e+01  -5.4750942e+01  -5.6486999e+01
  -4.6479033e+01  -4.6333842e+01  -4.8828782e+01  -5.0933719e+01  -5.2266601e+01  -5.1016326e+01  -5.0749320e+01  -5.1923934e+01
  -4.2655030e+01  -4.8192508e+01  -5.1152845e+01  -5.1964690e+01  -5.0755568e+01  -5.0694828e+01  -5.0430571e+01  -5.1146370e+01
  -4.3908378e+01  -5.1453453e+01  -5.4315223e+01  -5.3322650e+01  -5.2589209e+01  -5.1526488e+01  -5.2439099e+01  -5.4804722e+01
  -4.6308961e+01  -5.3613442e+01  -5.5772264e+01  -5.5081625e+01  -5.4349331e+01  -5.2486824e+01  -5.3649601e+01  -5.6756982e+01
  -5.3580842e+01  -5.6113220e+01  -5.9462133e+01  -6.2049263e+01  -6.1696630e+01  -6.1110639e+01  -6.2944955e+01  -6.1406700e+01
  -5.2275479e+01  -5.4598382e+01  -5.6962345e+01  -6.0076793e+01  -6.0620160e+01  -5.9836590e+01  -6.1033488e+01  -5.9494714e+01
  -4.9244368e+01  -5.1604759e+01  -5.1883962e+01  -5.5352717e+01  -5.7204623e+01  -5.7214886e+01  -5.7355363e+01  -5.6738494e+01
  -4.4822471e+01  -4.6866738e+01  -4.9619165e+01  -5.2502755e+01  -5.2014289e+01  -4.9898276e+01  -5.0873929e+01  -5.2594293e+01
  -4.3746141e+01  -4.6419623e+01  -5.3441908e+01  -5.4203891e+01  -5.2561406e+01  -4.9635679e+01  -5.0260849e+01  -5.1011399e+01
  -4.6069048e+01  -5.0722282e+01  -5.4967291e+01  -5.3854638e+01  -5.3391597e+01  -5.2866798e+01  -5.3107352e+01  -5.5604083e+01
  -4.8156269e+01  -5.3599094e+01  -5.6721323e+01  -5.5055799e+01  -5.4385598e+01  -5.4527986e+01  -5.5110146e+01  -5.7172095e+01
