   3.9112528e+00   8.5529782e+00   1.0593911e+01   7.5969245e+00   9.4377818e+00   1.0732640e+01   3.3470526e+00   1.4085850e+00
   4.9650361e+00   8.0604552e+00   7.5602618e+00   8.9915882e+00   9.3264222e+00   8.4929675e+00   2.3911431e+00   2.1137575e+00
   1.0122021e+01   6.9647448e+00   2.3818234e+00   4.7672707e+00   9.2043553e+00   1.0315663e+01   8.4003951e+00   6.3190213e+00
   1.1683631e+01   1.1440702e+01   1.1650561e+01   6.7612256e+00   8.2762514e+00   1.0748315e+01   6.6107936e+00   6.0295591e+00
   9.9265538e+00   9.1605115e+00   6.2128617e+00   6.2521215e+00   3.8880705e+00   3.1631657e+00   1.6829522e+00  -8.1130947e-02
   7.5983509e+00   4.9553582e+00   5.1383268e+00   6.3443146e+00   3.4667999e+00   3.4452227e+00   3.3700129e+00   7.9410729e-01
   8.4158528e+00   6.0122545e+00   5.5329805e+00   7.2097869e+00   6.3294118e+00   5.2300386e+00   3.2406792e+00   2.5958193e+00
  -8.6500998e+00  -7.9583727e+00  -9.6149880e+00  -8.8493961e+00  -1.0056187e+01  -8.9425587e+00  -4.8779991e+00  -3.8024840e+00
  -8.1768928e+00  -7.3499867e+00  -7.8925556e+00  -6.7462167e+00  -7.8379297e+00  -6.7844024e+00  -3.2007165e+00  -2.8683601e+00
  -6.9082095e+00  -6.6529087e+00  -4.7345896e+00  -6.9104988e+00  -1.3420766e+01  -1.1864091e+01  -9.9934554e+00  -1.0002145e+01
  -1.4470080e+01  -1.2855456e+01  -1.3351115e+01  -1.0904832e+01  -1.1955598e+01  -1.0905944e+01  -6.9911535e+00  -7.8835320e+00
  -1.2409134e+01  -1.1350416e+01  -5.9438366e+00  -5.6971958e+00  -4.7196288e+00  -2.9047940e+00  -2.3228249e+00  -9.2576932e-01
  -8.3719549e+00  -5.4246193e+00  -8.0352663e+00  -7.0115808e+00  -2.4412231e+00  -1.3788661e+00   1.4602127e+00   6.0496717e-02
  -8.1144025e+00  -4.4741748e+00  -6.5866425e+00  -6.5485305e+00  -2.2533568e+00  -2.5254440e-01   8.3294270e-01  -1.8421683e-02
   1.5832375e-01   2.5149150e-02   2.8540636e-02   8.7574152e-02   2.5030832e-01   3.7416417e-01   7.0147457e-01   4.7163060e-01
   1.0202399e-01   3.0353285e-02   1.2319904e-01   1.0362321e-01   2.0039409e-01   3.7841088e-01   7.6902656e-01   4.6492053e-01
   1.0690529e-01   6.3342075e-01   9.2645560e-01   6.0371666e-01   1.8368543e-01   3.6035518e-01   2.7777776e-01   4.5438062e-01
   4.0291333e-02   3.4143216e-02  -2.3592921e-02   2.0999069e-02   1.6505903e-01   2.2588722e-01   4.8829001e-01   6.1773515e-01
  -3.8438104e-02  -4.6241840e-02   1.3644063e-01   5.7077208e-01   8.2098312e-01   6.4808957e-01   7.2041860e-01   1.1689274e+00
   4.6824508e-02   4.8260449e-02   3.6214598e-01   5.3025449e-01   5.4903071e-01   2.9574954e-01   4.0217737e-01   7.1465447e-02
  -1.1633932e-02   1.3247256e-01   6.7988496e-01   6.7589828e-01   6.3649358e-01   6.9008875e-01   2.9988172e-01   3.8617419e-01
   2.2492886e-01   3.8664341e-02   3.8664341e-02   3.8664341e-02   2.2492886e-01   3.8664341e-02   3.8664341e-02  -1.4760017e-01
   3.8664341e-02   3.8664341e-02   3.8664341e-02   3.8664341e-02   2.2492886e-01   2.2492886e-01   3.8664341e-02  -1.4760017e-01
  -1.4760017e-01   3.8664341e-02   2.2492886e-01   2.2492886e-01   2.2492886e-01   2.2492886e-01   3.8664341e-02   3.8664341e-02
   3.8664341e-02   3.8664341e-02   3.8664341e-02   3.8664341e-02   3.8664341e-02   3.8664341e-02   3.8664341e-02   3.8664341e-02
   3.8664341e-02   3.8664341e-02   3.8664341e-02   3.8664341e-02   2.2492886e-01   2.2492886e-01   5.9745789e-01   1.1562514e+00
   3.8664341e-02   3.8664341e-02   3.8664341e-02   3.8664341e-02   3.8664341e-02   3.8664341e-02   4.1119337e-01  -3.3386469e-01
   3.8664341e-02  -1.4760017e-01   3.8664341e-02   3.8664341e-02   3.8664341e-02   5.9745789e-01   5.9745789e-01   2.2492886e-01
  -3.1213449e+01  -3.7002942e+01  -3.9974280e+01  -4.3850612e+01  -4.7525340e+01  -5.0491250e+01  -5.3646834e+01  -5.4185195e+01
  -2.9078065e+01  -3.5884575e+01  -3.9315701e+01  -4.3579120e+01  -4.8275216e+01  -5.0950442e+01  -5.3105650e+01  -5.3462495e+01
  -2.7143924e+01  -3.2413910e+01  -3.4176546e+01  -3.7560998e+01  -4.2656636e+01  -4.5301688e+01  -4.7123071e+01  -4.7757382e+01
  -1.8511375e+01  -1.9633977e+01  -2.2146013e+01  -2.6239606e+01  -3.0436040e+01  -3.3916211e+01  -3.9453627e+01  -4.2138346e+01
  -1.7246157e+01  -2.3919976e+01  -3.3929746e+01  -3.8734445e+01  -4.0706464e+01  -4.1788012e+01  -4.2300209e+01  -4.1997095e+01
  -1.7573557e+01  -2.7575034e+01  -3.4491511e+01  -3.6814467e+01  -3.8390983e+01  -3.9061064e+01  -3.9092436e+01  -3.8356042e+01
  -1.9382357e+01  -2.9449323e+01  -3.5376848e+01  -3.7667959e+01  -3.8916753e+01  -3.9223525e+01  -3.9503464e+01  -3.8767042e+01
   4.7200867e+00   8.1567910e+00   5.6476761e+00   5.1160548e+00   4.0418331e+00   2.1437383e+00   1.6601654e-01  -1.8297620e+00
   4.4385591e+00   6.6784295e+00   4.6481607e+00   4.0658669e+00   2.5952747e+00   1.0537642e+00  -1.0868866e+00  -2.0963511e+00
   5.7955925e+00   2.3241780e+00   1.4275640e+00   2.3379249e+00   3.4178735e+00   3.8321803e+00   3.3032852e+00   2.1261806e+00
   7.5640115e+00   8.4166818e+00   8.5517904e+00   7.3113189e+00   6.1374152e+00   6.2976379e+00   3.3933034e+00   2.4814819e-01
   8.9426095e+00   7.0852334e+00   6.7249682e+00   3.4611603e+00   1.5000130e+00   2.0976545e+00   3.1686982e-01   1.9126104e-01
   9.8704144e+00   8.2432252e+00   5.4762011e+00   1.7976339e+00  -2.7233233e-01   2.1561210e-01   4.6692018e-01   5.0017647e-01
   9.6199597e+00   8.5119417e+00   4.8295141e+00   1.8274975e+00  -5.8207779e-01  -1.1291796e+00   3.1521205e-01   7.6202366e-01
  -6.3855021e+00  -8.4318634e+00  -7.2020396e+00  -6.2449298e+00  -4.8250924e+00  -3.2993835e+00  -8.1840752e-01   1.4669755e+00
  -6.1016686e+00  -7.5312726e+00  -6.5262366e+00  -6.3136507e+00  -5.2154775e+00  -3.3738883e+00  -1.2586988e+00   1.0610418e+00
  -6.4070720e+00  -3.3031440e+00  -1.1880764e+00  -1.3178807e+00  -2.5840333e+00  -4.3099829e+00  -3.3718625e+00  -1.0001810e+00
  -8.2655301e+00  -8.0027438e+00  -6.0956365e+00  -5.3910792e+00  -5.5322871e+00  -6.5294724e+00  -3.8714226e+00  -1.2051451e-02
  -5.5655942e+00  -3.6456672e+00  -5.7008174e+00  -4.5557149e+00  -1.9900381e+00  -6.1686142e-01   1.7089495e-01   8.0808340e-01
  -8.7819226e+00  -6.9168324e+00  -1.3556827e+00  -9.6565814e-01  -7.0018116e-01  -5.9371938e-01   1.6275802e-01   1.0079800e+00
  -7.8347109e+00  -6.2119291e+00  -1.4197634e+00  -2.0992618e-01  -1.5630525e+00  -1.5368387e+00  -3.7470370e-02   9.1290393e-01
  -4.4867371e+01  -5.1633445e+01  -5.5862793e+01  -5.8131880e+01  -6.3693258e+01  -6.6698127e+01  -6.6283955e+01  -6.8672907e+01
  -4.2784196e+01  -4.9661735e+01  -5.3556987e+01  -5.8502043e+01  -6.4531240e+01  -6.6677275e+01  -6.6077662e+01  -6.8328193e+01
  -4.1292365e+01  -4.6726883e+01  -4.8308521e+01  -5.2410509e+01  -5.9802694e+01  -6.2685197e+01  -6.2319243e+01  -6.3248347e+01
  -3.6107802e+01  -3.8177431e+01  -3.9222828e+01  -4.0111145e+01  -4.6204805e+01  -5.0351826e+01  -5.2812780e+01  -5.7568331e+01
  -3.2030284e+01  -3.7712816e+01  -4.6289234e+01  -5.2601073e+01  -5.5092222e+01  -5.6599966e+01  -5.8406709e+01  -5.7980009e+01
  -3.1016193e+01  -3.9283588e+01  -4.9379050e+01  -5.1914137e+01  -5.3782325e+01  -5.5332734e+01  -5.6459760e+01  -5.5910718e+01
  -3.2844530e+01  -4.1849962e+01  -5.0397584e+01  -5.3403641e+01  -5.5421354e+01  -5.6688980e+01  -5.7020102e+01  -5.6560612e+01
  -4.4980105e+01  -5.1968183e+01  -5.6073474e+01  -5.8837100e+01  -6.2591704e+01  -6.5486804e+01  -6.8081163e+01  -6.9427395e+01
  -4.3163145e+01  -5.0818997e+01  -5.4272739e+01  -5.7309861e+01  -6.2041353e+01  -6.4775846e+01  -6.7207046e+01  -6.9061473e+01
  -4.0853426e+01  -4.7180413e+01  -4.9495994e+01  -5.2896718e+01  -6.0371295e+01  -6.1856133e+01  -6.3536310e+01  -6.5035697e+01
  -3.7799592e+01  -3.8542669e+01  -4.1358506e+01  -4.2587863e+01  -4.6685358e+01  -4.9823021e+01  -5.3592377e+01  -5.8262596e+01
  -3.4736169e+01  -3.9918399e+01  -4.6500269e+01  -5.3963317e+01  -5.6130029e+01  -5.6117613e+01  -5.7105128e+01  -5.7414059e+01
  -3.1438235e+01  -3.9982947e+01  -5.0005869e+01  -5.2635479e+01  -5.3045448e+01  -5.4698710e+01  -5.3394787e+01  -5.2817381e+01
  -3.3691174e+01  -4.1937993e+01  -5.0117711e+01  -5.3139113e+01  -5.3623630e+01  -5.3986400e+01  -5.2490420e+01  -5.3110836e+01
