   5.4117061e+00   6.5611497e+00   8.1236944e+00   8.6784193e+00   1.0090058e+01   8.8765096e+00   2.2255672e+00   1.3515387e+00
   3.8794481e+00   5.8364757e+00   6.6013145e+00   7.7627249e+00   8.1241609e+00   6.9834155e+00  -1.6044101e-01   7.0621151e-01
   2.6962332e+00   3.1571465e+00   3.7623014e+00   8.3706943e+00   1.3119298e+01   1.0988685e+01   5.8454827e+00   8.5958530e+00
   1.0189836e+01   1.0623791e+01   1.0678600e+01   1.0447988e+01   1.0803963e+01   1.0223780e+01   4.1638366e+00   6.8848932e+00
   1.1237264e+01   8.3596857e+00   6.7387607e+00   9.4508663e+00   6.1140728e+00   4.9215147e+00   1.8236414e+00   2.9469736e+00
   8.7832762e+00   4.5857288e+00   8.3760599e+00   8.1613425e+00   6.3578598e+00   2.4649283e+00  -1.9365287e+00   6.8059093e-01
   8.1639592e+00   4.7748422e+00   9.1193451e+00   8.3698725e+00   7.1837435e+00   2.3038999e+00  -1.7629194e+00   7.3084026e-01
  -5.4741715e+00  -1.0479494e+01  -1.1245786e+01  -9.0511371e+00  -1.1226777e+01  -8.5590408e+00  -5.1768788e+00  -3.0902510e+00
  -4.7428601e+00  -9.0411498e+00  -1.0536592e+01  -7.9796191e+00  -9.5774243e+00  -7.5646591e+00  -4.4981780e+00  -4.4318139e+00
  -7.4079962e+00  -8.3295287e+00  -7.0332203e+00  -6.4732100e+00  -1.1181888e+01  -1.0565817e+01  -9.6235822e+00  -9.8937850e+00
  -1.0989733e+01  -1.3331596e+01  -1.4618378e+01  -9.3717369e+00  -9.3016734e+00  -9.7481517e+00  -7.5415413e+00  -6.3685281e+00
  -1.1510405e+01  -7.8337715e+00  -4.4144245e+00  -5.5576384e+00  -6.0437573e+00  -4.2384591e+00  -1.9778522e+00  -1.3465591e+00
  -7.0959384e+00  -5.6307277e+00  -8.3643769e+00  -9.5098093e+00  -6.9987611e+00  -2.8517264e+00   2.3099241e+00   3.8866489e+00
  -5.8207836e+00  -5.8017307e+00  -7.7147219e+00  -9.9582250e+00  -6.9440613e+00  -2.7433019e+00   3.0775009e+00   4.4036301e+00
  -1.0464354e-03   9.9105067e-02   5.1376885e-02   7.2365137e-03   9.0341372e-02   1.2148863e-01   5.5262246e-01   9.3319164e-01
   1.6026216e-02   1.2392470e-01   8.1576711e-02   5.1994632e-02   1.2122641e-01   1.6299825e-01   7.5815046e-01   6.5301067e-01
   2.9859040e-01   6.7193925e-01   7.6454977e-01   5.0942519e-01   2.0564781e-01   1.6580131e-01   1.5098693e-01   2.5283977e-01
   4.7024860e-02   8.9146424e-02   6.1556855e-02  -5.2158208e-02   2.1134714e-02   1.1829560e-01   3.8345484e-01   6.7469177e-01
   1.1331430e-02   1.9817413e-02   1.1652288e-01   2.5823356e-01   5.7388368e-01   5.7199530e-01   4.4190661e-01   3.4692784e-01
  -2.7553252e-02   1.6654791e-03   1.9493499e-01   9.4968626e-01   5.6460514e-01   2.7822866e-01   7.6861718e-01   9.5757402e-01
  -3.8200516e-02   5.2842693e-02   2.6291991e-01   1.0539471e+00   6.4097350e-01   3.2430136e-01   8.9765179e-01   1.0203815e+00
   3.8664341e-02   3.8664341e-02   3.8664341e-02   3.8664341e-02   3.8664341e-02   3.8664341e-02   2.2492886e-01   5.9745789e-01
   3.8664341e-02   3.8664341e-02   3.8664341e-02   3.8664341e-02   3.8664341e-02   3.8664341e-02   4.1119337e-01   5.9745789e-01
   2.2492886e-01   2.2492886e-01   2.2492886e-01   3.8664341e-02   3.8664341e-02   3.8664341e-02   2.2492886e-01   3.8664341e-02
   3.8664341e-02   3.8664341e-02   3.8664341e-02  -1.4760017e-01   3.8664341e-02   3.8664341e-02   2.2492886e-01   3.8664341e-02
   3.8664341e-02   3.8664341e-02  -1.4760017e-01  -1.4760017e-01   3.8664341e-02   2.2492886e-01   2.2492886e-01   3.8664341e-02
  -1.4760017e-01  -1.4760017e-01   3.8664341e-02   3.8664341e-02   2.2492886e-01   2.2492886e-01   7.8372240e-01   1.5287805e+00
  -1.4760017e-01  -1.4760017e-01  -1.4760017e-01   3.8664341e-02   2.2492886e-01   3.8664341e-02   9.6998692e-01   1.7150450e+00
  -3.3563436e+01  -3.8332294e+01  -4.0792275e+01  -4.3173362e+01  -4.6868964e+01  -5.0359489e+01  -5.3965753e+01  -5.4867365e+01
  -3.1586608e+01  -3.7309115e+01  -4.0250467e+01  -4.2817522e+01  -4.7535178e+01  -5.0916169e+01  -5.3701925e+01  -5.4342251e+01
  -2.7443252e+01  -3.1797234e+01  -3.3926852e+01  -3.6707633e+01  -4.0712188e+01  -4.3633779e+01  -4.6902295e+01  -4.7665356e+01
  -2.0681287e+01  -2.2006210e+01  -2.3490084e+01  -2.6240675e+01  -2.9601397e+01  -3.3398578e+01  -3.9326981e+01  -4.2020810e+01
  -1.6940538e+01  -2.4460977e+01  -3.5501553e+01  -4.0373662e+01  -4.1665579e+01  -4.2202411e+01  -4.3258005e+01  -4.3937434e+01
  -1.8526348e+01  -2.8050491e+01  -3.5921909e+01  -3.7427608e+01  -3.7909901e+01  -3.8368049e+01  -3.8643801e+01  -3.8334016e+01
  -2.1426863e+01  -3.1329721e+01  -3.6834118e+01  -3.8047489e+01  -3.8511470e+01  -3.8894601e+01  -3.9337109e+01  -3.8945754e+01
   5.0824042e+00   7.7991123e+00   9.0022704e+00   8.8012258e+00   3.9239618e+00   3.8971752e+00   2.6840132e+00   4.8977638e-01
   5.6340946e+00   7.4956518e+00   7.0807049e+00   7.9182799e+00   3.8634608e+00   2.8698968e+00   2.3058428e+00   1.3505346e+00
   5.5928343e+00   3.3405663e+00   1.2374661e+00   2.3088094e+00   2.7663195e+00   5.6254292e+00   5.7075584e+00   2.9668067e+00
   8.7184026e+00   8.0926975e+00   8.6508368e+00   8.4329619e+00   6.2495139e+00   6.4288896e+00   5.0950545e+00   1.2841364e+00
   5.7591328e+00   5.6007368e+00   4.2347521e+00   2.0351490e+00   1.6523110e+00   7.6041278e-01   1.9755735e+00   2.3276725e-01
   4.6279603e+00   6.3830510e+00   3.9173448e+00   1.6536463e+00  -7.5748750e-01   5.2823585e-01   1.6490055e+00   2.1814856e+00
   4.3386440e+00   6.0011282e+00   3.5015522e+00   1.9084977e+00  -4.8142024e-01   6.5075557e-01   1.7963902e+00   2.8414253e+00
  -4.6420392e+00  -4.2275861e+00  -4.8876790e+00  -6.1766524e+00  -5.3816606e+00  -5.0055349e+00  -2.8151744e+00  -1.0722922e+00
  -4.7665196e+00  -3.8024740e+00  -2.9873823e+00  -6.1298301e+00  -6.1464420e+00  -4.4254006e+00  -2.4153784e+00   6.6571499e-02
  -5.7863595e+00  -3.0558208e+00  -1.5049281e+00  -2.6175945e+00  -3.8434672e+00  -7.2392580e+00  -5.8645543e+00  -3.5811020e+00
  -8.1655302e+00  -7.0232759e+00  -5.4291744e+00  -6.2879618e+00  -7.1821027e+00  -6.7824704e+00  -4.6596826e+00  -2.1488274e+00
  -6.6698436e+00  -5.1601707e+00  -5.0909316e+00  -3.2500617e+00  -2.7654467e+00  -4.4447987e+00  -1.5034698e+00   9.5405142e-01
  -5.4996287e+00  -4.0807907e+00  -1.0561922e+00   1.7347640e+00  -2.3794245e-02  -1.9404535e+00  -3.6743023e+00  -1.6978532e+00
  -4.6845270e+00  -2.6549296e+00  -9.3348779e-01   2.0049549e+00  -8.0224014e-02  -1.2840876e+00  -3.8054042e+00  -1.8926523e+00
  -4.4587279e+01  -5.1742130e+01  -5.5998588e+01  -5.7497584e+01  -6.2832032e+01  -6.5783345e+01  -6.7967116e+01  -7.0840101e+01
  -4.1618460e+01  -4.9592662e+01  -5.4409009e+01  -5.6858669e+01  -6.2728659e+01  -6.6026260e+01  -6.7844578e+01  -6.9391913e+01
  -3.9010077e+01  -4.6084516e+01  -5.0719838e+01  -5.3128223e+01  -5.9168994e+01  -6.0687186e+01  -6.1912193e+01  -6.5201659e+01
  -3.6775409e+01  -3.9535434e+01  -4.0539908e+01  -4.0919387e+01  -4.5310382e+01  -4.9188726e+01  -5.3608006e+01  -5.8925852e+01
  -3.3216665e+01  -3.7919488e+01  -4.7466358e+01  -5.5010484e+01  -5.7122249e+01  -5.7665365e+01  -5.8107057e+01  -5.8945995e+01
  -3.1732762e+01  -3.8106541e+01  -4.9929905e+01  -5.2861613e+01  -5.4665821e+01  -5.4308602e+01  -5.3198006e+01  -5.3534206e+01
  -3.4003718e+01  -4.2018566e+01  -5.1434239e+01  -5.3564115e+01  -5.5508673e+01  -5.4820110e+01  -5.3717748e+01  -5.3918703e+01
  -4.5616599e+01  -5.2946646e+01  -5.7456551e+01  -5.8847616e+01  -6.4051577e+01  -6.5121041e+01  -6.7591469e+01  -6.9383726e+01
  -4.2950404e+01  -5.1363859e+01  -5.6228283e+01  -5.7419790e+01  -6.3329747e+01  -6.4783929e+01  -6.7200939e+01  -6.9259646e+01
  -4.0483997e+01  -4.5483307e+01  -4.7836690e+01  -5.1796313e+01  -5.8378500e+01  -5.9891586e+01  -6.2614166e+01  -6.4740296e+01
  -3.7279216e+01  -4.0256242e+01  -4.2533409e+01  -4.2362593e+01  -4.5837386e+01  -4.8751034e+01  -5.3612663e+01  -5.7621237e+01
  -3.3530269e+01  -3.8016316e+01  -4.7783778e+01  -5.5689187e+01  -5.6733938e+01  -5.6520629e+01  -5.7791263e+01  -5.9003680e+01
  -3.1644959e+01  -3.9739494e+01  -5.1430839e+01  -5.5460942e+01  -5.3841282e+01  -5.2472984e+01  -5.1458284e+01  -5.1722120e+01
  -3.4032917e+01  -4.3824882e+01  -5.2448977e+01  -5.6391574e+01  -5.4594074e+01  -5.3205383e+01  -5.2049722e+01  -5.2111409e+01
