   7.9210236e+00   7.2782701e+00   7.7750375e+00   6.0952287e+00   3.7253941e+00   8.2314968e-01   3.3593105e+00   2.5271695e+00
   6.5684425e+00   5.2197278e+00   6.4675364e+00   5.3064730e+00   2.9193930e+00  -1.4461980e-01   2.4346143e+00   2.5676735e+00
   7.7256849e+00   8.2099750e+00   8.9256609e+00   6.1889388e+00   3.0752405e+00   1.9706015e-01   9.4633600e-01   2.6666874e+00
   1.9734687e+01   1.8203358e+01   1.5205683e+01   7.3383736e+00   4.2573702e+00   2.5134355e+00   2.8373037e+00   2.2249346e+00
   9.4008586e+00   1.1976588e+01   1.2338178e+01   5.8894098e+00   3.0137011e+00   1.0952059e+00   1.8473945e+00   3.2958277e-01
   7.8173629e+00   5.3042550e+00   6.0244330e+00   3.5728021e+00   3.2472796e+00   2.9414533e+00   1.3541394e+00   9.8029832e-01
   7.5690018e+00   5.4418730e+00   5.0953295e+00   3.7873616e+00   2.9175295e+00   3.1772487e+00   8.5901072e-01   5.0317973e-01
  -8.6846395e+00  -6.4965915e+00  -3.1233134e+00  -3.7066423e+00  -6.3019796e+00  -3.1204688e+00  -6.6744121e-01  -1.5375542e+00
  -7.9042925e+00  -4.6291340e+00  -2.4822852e+00  -3.8579044e+00  -5.5708436e+00  -2.2058071e+00  -7.3843023e-02  -1.6542043e+00
  -8.8636297e+00  -5.6641493e+00  -6.2708784e+00  -4.8545254e+00  -5.2775960e+00  -2.1487266e+00  -1.5260945e+00  -2.6857854e+00
  -1.4968750e+01  -5.2123020e+00  -5.0897907e+00  -4.3665341e+00  -7.4744272e+00  -4.8115751e+00  -3.2379158e+00  -3.7965799e+00
  -1.3510159e+01  -7.6789136e+00  -1.0929116e+00  -2.2133097e-01   1.2173006e+00  -1.0842634e+00   4.6418143e-01   2.8786113e-01
  -1.0792141e+01  -9.0351199e+00  -5.1550822e+00  -2.4988119e+00  -9.6108038e-01  -2.1045013e+00   2.8421333e+00   1.7115239e+00
  -1.0170658e+01  -8.8258451e+00  -5.2952975e+00  -3.2351670e+00  -1.4621176e+00  -1.8682826e+00   3.0242480e+00   1.7771855e+00
   4.7059567e-01   7.6584292e-01   1.4983588e+00   1.5449263e+00   1.4533846e+00   1.6477494e+00   1.4760218e+00   1.4341873e+00
   6.8835567e-01   8.7971658e-01   1.4809017e+00   1.3113687e+00   1.0800175e+00   1.8293430e+00   1.7739913e+00   1.5785083e+00
   6.2307959e-01   6.1343473e-01   1.0071893e+00   7.8781518e-01   6.6169376e-01   1.7015277e+00   1.7939253e+00   1.7299287e+00
   6.6081259e-02   1.1004411e-02   1.3322263e-01   4.8174477e-01   1.2234842e+00   1.1204364e+00   1.2880632e+00   1.0129883e+00
   1.6130668e-01   2.9479410e-01   5.0819636e-01   5.5503060e-01   1.2056774e+00   1.2016470e+00   1.3818946e+00   1.3513681e+00
   6.1520198e-02   6.4747558e-01   1.5651386e+00   1.1429251e+00   1.1064443e+00   1.8470475e+00   2.1784799e+00   1.6320940e+00
   4.3803330e-02   6.9206348e-01   1.6770811e+00   1.2732210e+00   1.1866196e+00   2.0088377e+00   2.4027411e+00   1.7944953e+00
   5.6617260e-02   2.4288177e-01   2.4288177e-01   2.4288177e-01   4.2914629e-01   6.1541080e-01   9.8793983e-01   1.1742043e+00
   5.6617260e-02   2.4288177e-01   2.4288177e-01   2.4288177e-01   2.4288177e-01   8.0167532e-01   1.9192624e+00   1.3604689e+00
   5.6617260e-02   5.6617260e-02   5.6617260e-02   5.6617260e-02   5.6617260e-02   6.1541080e-01   1.7329979e+00   1.3604689e+00
   5.6617260e-02  -1.2964725e-01  -1.2964725e-01   5.6617260e-02   5.6617260e-02   2.4288177e-01   6.1541080e-01   4.2914629e-01
   5.6617260e-02   5.6617260e-02  -3.1591177e-01  -1.2964725e-01   6.1541080e-01   6.1541080e-01   1.5467334e+00   1.9192624e+00
   5.6617260e-02   2.4288177e-01   4.2914629e-01   2.4288177e-01   2.4288177e-01   1.9192624e+00   3.0368495e+00   1.7329979e+00
   5.6617260e-02   2.4288177e-01   4.2914629e-01   4.2914629e-01   4.2914629e-01   2.4780560e+00   3.4093785e+00   1.9192624e+00
  -4.0261540e+01  -4.3558239e+01  -4.5711659e+01  -4.7629643e+01  -4.8381130e+01  -4.8951598e+01  -4.9137800e+01  -4.8997781e+01
  -3.8675057e+01  -4.0919099e+01  -4.2298504e+01  -4.4679114e+01  -4.5808576e+01  -4.6144624e+01  -4.6349817e+01  -4.6219884e+01
  -3.4074052e+01  -3.5269093e+01  -3.6550958e+01  -3.9739049e+01  -4.1791804e+01  -4.1944122e+01  -4.2148361e+01  -4.2162768e+01
  -2.8177953e+01  -3.0910628e+01  -3.3799543e+01  -3.8210376e+01  -4.1501532e+01  -4.2309873e+01  -4.2663199e+01  -4.2539316e+01
  -2.6522037e+01  -3.2854262e+01  -3.8592268e+01  -4.1374284e+01  -4.2656118e+01  -4.3131540e+01  -4.3117569e+01  -4.2913339e+01
  -2.8684984e+01  -3.7584772e+01  -4.2236398e+01  -4.3244648e+01  -4.3959293e+01  -4.4152064e+01  -4.3922323e+01  -4.3652417e+01
  -3.0745028e+01  -3.9612522e+01  -4.3466370e+01  -4.4569015e+01  -4.5427370e+01  -4.5491583e+01  -4.5195872e+01  -4.4847482e+01
   3.1697891e+00   2.9597208e+00   1.4707724e+00  -1.3277061e+00   5.6496548e-01   2.1621301e+00   1.3174938e+00   5.8675142e-01
   2.4460686e+00   2.2026680e+00   3.4076077e-01  -2.0049414e+00  -2.0419906e-01   1.6626798e+00   1.3421140e+00   1.1844045e-01
   2.2832232e+00   9.1977246e-01  -4.9101669e-01  -1.7372873e+00  -1.4702903e+00   3.6818910e-01   2.7928073e+00   2.1648095e-01
   4.4235932e+00   2.0017124e+00   2.1292312e+00   3.7828896e+00   9.6495161e-01   1.2247896e+00   2.9947998e-01  -6.1892592e-01
   5.1326394e+00   5.7936049e+00   3.5930905e+00   1.8258403e+00  -7.9420292e-01  -1.5817061e-01   6.7485597e-01  -2.5127407e-01
   5.0676058e+00   2.9186304e+00   4.2704505e+00   1.6724479e+00  -1.0172594e+00  -1.4283776e+00   2.4967428e-01   1.9352924e+00
   5.3251729e+00   2.1420058e+00   4.1863264e+00   1.7690634e+00  -5.9275842e-01  -1.7176443e+00   5.5020799e-01   3.0057574e+00
  -3.7932755e+00  -3.2615938e+00  -2.7425030e+00  -3.6046536e+00  -3.4054227e+00  -3.1726964e+00  -4.8750541e-01  -1.4076573e+00
  -2.7512962e+00  -1.9377592e+00  -1.7764661e+00  -2.8635889e+00  -3.6946989e+00  -3.5993722e+00  -8.9338125e-01  -1.5907426e+00
  -1.4715690e+00  -1.5067914e+00  -9.9279337e-01  -2.3174297e+00  -2.7142907e+00  -3.5604267e+00  -1.9650766e+00  -1.1012227e+00
  -6.0116480e+00  -1.0489674e+01  -9.4953223e+00  -3.3676290e+00   7.2944852e-01  -6.9078131e-01  -5.1818570e-01   9.7817400e-01
  -1.0370170e+01  -1.0890650e+01  -6.2751292e+00  -1.2136217e+00   2.7853853e-01   6.4420993e-01   1.8721553e+00   3.3665394e+00
  -8.1865523e+00  -7.1755723e+00  -2.1323260e+00   6.7483701e-01   1.4807662e+00   9.8908749e-01  -1.1353869e+00  -8.9759010e-01
  -7.5260306e+00  -5.9071691e+00  -1.9920252e+00   6.5218743e-01   1.5560412e+00   1.2614261e+00  -1.6079163e+00  -2.0245495e+00
  -5.4781088e+01  -5.9190327e+01  -6.1448566e+01  -6.3427397e+01  -6.2931564e+01  -6.3975858e+01  -6.6127877e+01  -6.4919367e+01
  -5.2353414e+01  -5.6631635e+01  -5.8293896e+01  -6.0368242e+01  -6.0178635e+01  -6.0713511e+01  -6.2931122e+01  -6.2262869e+01
  -4.9497409e+01  -5.2646482e+01  -5.3582603e+01  -5.5799970e+01  -5.6587249e+01  -5.6562215e+01  -5.8018279e+01  -5.8079559e+01
  -4.8383249e+01  -4.7716080e+01  -4.9275840e+01  -5.2374311e+01  -5.6000652e+01  -5.6531559e+01  -5.8915098e+01  -5.8887089e+01
  -4.3529258e+01  -4.9770764e+01  -5.2244327e+01  -5.5286602e+01  -5.8010660e+01  -5.8217257e+01  -5.8690729e+01  -5.8350819e+01
  -4.1085155e+01  -5.2106392e+01  -5.6960250e+01  -5.7816267e+01  -5.9733451e+01  -6.0271211e+01  -5.9161729e+01  -5.8222292e+01
  -4.2517760e+01  -5.3756129e+01  -5.8570496e+01  -5.9205061e+01  -6.1234977e+01  -6.2122294e+01  -6.0328495e+01  -5.9062098e+01
  -5.4932626e+01  -5.7292880e+01  -6.0624694e+01  -6.3198804e+01  -6.4694390e+01  -6.4184574e+01  -6.4693106e+01  -6.4784034e+01
  -5.3293142e+01  -5.5662354e+01  -5.7909767e+01  -6.0774159e+01  -6.2018837e+01  -6.1354208e+01  -6.1990887e+01  -6.2376554e+01
  -5.0402060e+01  -5.2456400e+01  -5.4104270e+01  -5.6063487e+01  -5.7913904e+01  -5.7077504e+01  -5.8246371e+01  -5.9210549e+01
  -4.6962304e+01  -4.5672473e+01  -4.7703896e+01  -5.2431848e+01  -5.9102144e+01  -5.8568224e+01  -5.8625205e+01  -5.9587723e+01
  -4.2165892e+01  -4.5351025e+01  -5.1218812e+01  -5.5447565e+01  -5.7821737e+01  -5.9513139e+01  -6.0000712e+01  -6.0370563e+01
  -4.2755111e+01  -4.9844146e+01  -5.7157635e+01  -5.8796623e+01  -6.0335472e+01  -6.1490660e+01  -6.0298153e+01  -6.0542678e+01
  -4.4602422e+01  -5.2119985e+01  -5.8757541e+01  -6.0225302e+01  -6.1986370e+01  -6.2855181e+01  -6.1178516e+01  -6.1198093e+01
