   7.2266294e+00   8.4098291e+00   4.1824263e+00   2.7061471e+00   3.4562684e+00  -1.4229811e+00  -1.8992580e-01   2.9190596e+00
   9.0703305e+00   8.9575943e+00   3.4560363e+00   1.9012061e+00   2.1484735e+00   1.1363730e-01  -1.1823717e+00   9.5308168e-01
   4.6945871e+00   3.9222077e+00   3.6270242e+00   4.7150899e+00   3.6827507e+00   1.4702912e+00   1.1031192e+00   1.5494419e+00
   5.8694864e+00   7.9657539e+00   5.4102562e+00   3.9269255e+00   2.5009039e+00   3.7563670e+00   1.6682316e+00   1.3093975e+00
   4.9870636e+00   5.7391633e+00   2.1604821e+00  -9.0598330e-01  -1.4755638e+00   7.7841446e-01   9.0831847e-01  -9.9206447e-01
   2.9141611e+00   6.6957398e-01   1.2131204e-01   5.1740375e-01   1.3691479e+00  -1.1620673e+00  -1.3234487e+00  -4.1158105e-01
   3.4897000e+00   2.0220277e+00  -5.0499129e-01   1.0451267e+00   7.0774208e-01  -1.9627753e+00  -2.0686491e+00  -1.0219055e-01
  -7.2006812e+00  -6.2768197e+00  -3.0220023e+00  -3.8418099e+00  -4.1235407e+00  -2.5287546e+00  -2.5652781e+00  -9.0252586e-01
  -7.0430789e+00  -7.5243583e+00  -4.4942085e+00  -3.6636632e+00  -3.2073932e+00  -2.2172449e+00  -1.6289745e+00  -3.1451922e-01
  -7.9084876e+00  -6.3282579e+00  -3.5586915e+00  -5.1917828e+00  -4.5476303e+00  -3.9183047e+00  -2.1150741e+00   2.1266150e-01
  -7.0427303e+00  -8.3531070e+00  -7.7591895e+00  -4.4748488e+00  -5.4680208e+00  -5.4456203e+00  -3.1497013e+00  -1.6100663e+00
  -7.0245461e+00  -6.3862207e+00  -4.0511546e+00  -2.5186482e+00  -2.7765200e+00  -1.1436229e+00   6.0952125e-01   1.3364906e+00
  -3.9795932e+00  -3.5718345e+00  -1.9340964e+00  -1.6725221e+00  -2.6785890e+00  -1.0766201e+00  -2.0524729e+00  -1.0461195e+00
  -4.1802913e+00  -2.2876369e+00  -1.5176804e+00  -1.0560971e+00  -2.0392717e+00  -6.4873204e-01  -2.5755731e+00  -2.5920851e+00
  -1.6397569e-02   1.7834256e-01   4.7293736e-01   5.5218122e-01   9.1060067e-01   9.8408486e-01   6.3164304e-01   4.3922509e-01
  -4.4737958e-02   1.2070352e-01   2.8114284e-01   3.6367602e-01   6.2899374e-01   2.1169857e-01   3.6146871e-01   4.7303754e-01
   1.3774740e-01  -2.2382025e-01   3.0610920e-01   1.0979784e+00   4.3029776e-01  -1.8231641e-02   3.3677075e-01   4.1138239e-01
   2.3916308e-02  -8.3231156e-02  -4.1492495e-02  -1.3102772e-01  -3.4278468e-01  -1.1551600e-01   1.5420106e-01   4.7108542e-01
   2.0777022e-02   5.3963881e-02   8.7137810e-02  -1.2373509e-01   1.2713328e-01   5.3614943e-01   4.7786044e-01   1.1327165e+00
   1.2082930e-01   7.2822734e-01   8.8869444e-01   6.4658487e-01   8.7686989e-01   6.9275473e-01   9.2267134e-02   8.1306326e-01
   1.5840136e-01   9.9116047e-01   1.2430038e+00   1.2002022e+00   1.2697164e+00   9.4751271e-01   3.0721924e-01   8.0393278e-01
   2.0711422e-02   2.0711422e-02   2.0711422e-02   2.0697594e-01   5.7950497e-01   9.5203400e-01   7.6576948e-01   3.9324045e-01
  -1.6555309e-01   2.0711422e-02   2.0711422e-02   2.0697594e-01   5.7950497e-01   2.0697594e-01   5.7950497e-01   5.7950497e-01
   2.0697594e-01   2.0711422e-02   2.0697594e-01   3.9324045e-01   2.0697594e-01  -1.6555309e-01  -1.6555309e-01  -1.6555309e-01
   2.0711422e-02   2.0711422e-02   2.0711422e-02  -1.6555309e-01  -1.6555309e-01  -1.6555309e-01  -1.6555309e-01   2.0711422e-02
   2.0711422e-02   2.0711422e-02   2.0711422e-02   2.0711422e-02   3.9324045e-01   9.5203400e-01   1.1382985e+00   2.0696211e+00
   2.0711422e-02   2.0697594e-01   5.7950497e-01   5.7950497e-01   1.1382985e+00   2.0697594e-01  -3.5181761e-01   9.5203400e-01
   2.0711422e-02   2.0697594e-01   7.6576948e-01   1.1382985e+00   1.3245630e+00   2.0697594e-01   2.0711422e-02   9.5203400e-01
  -4.1003708e+01  -4.6543355e+01  -4.9627435e+01  -5.0543250e+01  -5.1524053e+01  -5.1496710e+01  -5.1505627e+01  -5.2183411e+01
  -3.9269297e+01  -4.4648090e+01  -4.7609090e+01  -4.8538069e+01  -4.9796297e+01  -5.0210038e+01  -5.0345519e+01  -5.0680210e+01
  -3.7363908e+01  -4.3181151e+01  -4.5451364e+01  -4.6173523e+01  -4.7247442e+01  -4.7598688e+01  -4.8047446e+01  -4.7941207e+01
  -3.0237869e+01  -3.1962792e+01  -3.3076545e+01  -3.5873863e+01  -3.9405782e+01  -4.1030748e+01  -4.2334793e+01  -4.2486053e+01
  -2.8366345e+01  -3.4175805e+01  -3.8678135e+01  -3.9635055e+01  -3.9943525e+01  -4.0173367e+01  -4.0099451e+01  -3.9876482e+01
  -2.8150651e+01  -3.4574972e+01  -3.5646397e+01  -3.5921102e+01  -3.6257266e+01  -3.5868521e+01  -3.5668896e+01  -3.5955992e+01
  -2.9747833e+01  -3.6476616e+01  -3.7433618e+01  -3.7618541e+01  -3.8057576e+01  -3.7469443e+01  -3.7470403e+01  -3.8015377e+01
   6.3712304e+00   2.8749281e+00   1.1350875e+00   8.0242041e-03  -1.6049736e-01   1.2100598e+00   1.8847166e+00   6.3776129e-01
   6.4924694e+00   2.0834434e+00   1.4431504e+00   1.3971887e+00   1.0896311e+00   1.5044763e+00   2.2210666e+00   3.0434536e-01
   9.1308049e+00   6.1332626e+00   2.0688420e+00   1.9812263e+00   8.4245224e-02  -1.2922642e+00   2.2748112e-01  -2.9487183e-01
   6.7766565e+00   6.0842983e+00   6.4838958e+00   4.6469390e+00   3.1689019e+00   1.2108592e+00   6.1061159e-01   6.5721839e-01
   7.5316498e+00   5.2606176e+00   1.0100057e+00   1.1427449e+00   3.3328584e+00   1.1519624e+00   6.0090860e-01   1.0438824e+00
   6.5685908e+00   3.8745253e+00  -9.0294101e-02  -1.4442375e+00  -7.5783801e-01   8.5357671e-01   2.1295637e+00   1.5863608e+00
   6.5081046e+00   3.7885305e+00   5.8645059e-01  -1.7155106e+00  -1.7610631e-01   1.7088548e+00   1.7820683e+00   4.4949758e-01
  -5.1853144e+00  -5.4561861e+00  -3.2643951e+00  -8.6278708e-02   1.0279598e-01   5.8832580e-01   1.8346291e+00   9.5571817e-01
  -4.2291617e+00  -4.9538279e+00  -3.5308369e+00  -1.9616027e+00  -2.0819831e+00  -6.6148596e-01   1.3096771e+00   9.8339137e-01
  -4.9232273e+00  -3.6525585e+00  -1.2777863e+00   1.0152537e+00   4.0975537e-01  -4.8969571e-01  -1.3867427e+00  -1.1753304e+00
  -5.8419134e+00  -4.8453008e+00  -5.6551862e+00  -5.0200648e+00  -2.6555132e+00  -1.3205619e+00  -5.7388909e-01  -8.9328242e-01
  -6.2317188e+00  -6.0690666e+00  -3.3562653e+00  -2.9648196e+00  -1.6404730e+00  -1.3630203e+00  -2.3919269e-01   9.7635084e-01
  -5.7455880e+00  -1.0552160e+00  -2.0071288e+00  -5.7326963e-02   1.2101381e+00   8.9341578e-01   1.2872941e+00   4.2430989e-01
  -4.7232439e+00  -9.7203050e-01  -1.9856730e+00   5.7075806e-02   6.9587939e-01   9.6919039e-01   7.8746970e-01   5.7631180e-01
  -5.7866601e+01  -6.2667954e+01  -6.4671232e+01  -6.5643098e+01  -6.7550247e+01  -6.6698099e+01  -6.8657415e+01  -7.0445788e+01
  -5.6890738e+01  -6.0256865e+01  -6.2732398e+01  -6.3539170e+01  -6.5818323e+01  -6.5955560e+01  -6.6848938e+01  -6.8070414e+01
  -5.4709816e+01  -5.9755379e+01  -6.2168838e+01  -6.3038874e+01  -6.3312634e+01  -6.2601511e+01  -6.3530219e+01  -6.3249523e+01
  -4.7010534e+01  -4.9696047e+01  -5.0071378e+01  -5.0878747e+01  -5.4437294e+01  -5.4587623e+01  -5.6308449e+01  -5.8248286e+01
  -4.4853084e+01  -5.0714022e+01  -5.4036624e+01  -5.4871614e+01  -5.6177158e+01  -5.6721737e+01  -5.7171869e+01  -5.6728831e+01
  -4.2792335e+01  -5.0294552e+01  -5.1519281e+01  -5.2099273e+01  -5.2226562e+01  -5.1766067e+01  -5.2438524e+01  -5.2889514e+01
  -4.4749222e+01  -5.2543502e+01  -5.3133888e+01  -5.3532213e+01  -5.3557840e+01  -5.3318025e+01  -5.4052537e+01  -5.4866310e+01
  -5.8176618e+01  -6.4754673e+01  -6.5626812e+01  -6.6434594e+01  -6.8222443e+01  -6.6955664e+01  -6.6876898e+01  -6.7800105e+01
  -5.5759709e+01  -6.2525373e+01  -6.3999982e+01  -6.4477584e+01  -6.7067048e+01  -6.6288124e+01  -6.5458936e+01  -6.6078841e+01
  -5.2938521e+01  -5.9660459e+01  -6.1289722e+01  -6.1011349e+01  -6.3424193e+01  -6.6257287e+01  -6.6105899e+01  -6.4519107e+01
  -4.7726668e+01  -5.0828327e+01  -5.1009494e+01  -5.1660809e+01  -5.5726611e+01  -5.7305853e+01  -5.9412413e+01  -5.9187776e+01
  -4.5123588e+01  -5.0985641e+01  -5.4702171e+01  -5.5450528e+01  -5.6608889e+01  -5.6828336e+01  -5.5983705e+01  -5.5865135e+01
  -4.3476044e+01  -4.8479658e+01  -5.1517136e+01  -5.1644955e+01  -5.2161609e+01  -5.3194622e+01  -5.2339395e+01  -5.1798729e+01
  -4.4986955e+01  -5.0354218e+01  -5.3089254e+01  -5.3633593e+01  -5.4470805e+01  -5.4544656e+01  -5.4364972e+01  -5.4068114e+01
