   7.2038041e+00   7.4642703e+00   9.1169958e+00   9.3323001e+00   8.5388628e+00   6.4830042e+00   4.2788965e+00   4.3424405e+00
   6.3986507e+00   8.0209120e+00   1.1113603e+01   7.7288124e+00   8.3459755e+00   7.6101399e+00   5.1076593e+00   6.8826442e+00
   7.1999251e+00   7.9330009e+00   5.8488142e+00   6.7919905e+00   7.7836172e+00   7.1449275e+00   8.3841478e+00   5.8010225e+00
   1.1205126e+01   1.1165926e+01   1.2369650e+01   9.2581189e+00   7.5042894e+00   8.1368374e+00   5.2571145e+00   7.3428540e+00
   8.5513498e+00   6.4674100e+00   3.5155795e+00   4.9441073e+00   1.3549010e+00   1.7514868e+00   2.0170845e+00   2.0178386e+00
   6.9247623e+00   3.5444797e+00   4.1250322e+00   3.3131712e+00   2.6764744e+00  -6.4147569e-02  -1.3709993e+00   5.0855319e-01
   6.8037084e+00   4.2235740e+00   3.9368280e+00   2.9910601e+00   1.6405120e+00   3.4650590e-02   9.2496046e-01   8.2299103e-02
  -6.1596985e+00  -7.7601164e+00  -7.4426516e+00  -5.8940089e+00  -1.0699402e+01  -6.2747696e+00  -1.4408200e+00  -3.1746295e+00
  -4.6329612e+00  -5.7219960e+00  -6.3457964e+00  -6.4490304e+00  -1.0822398e+01  -7.0313124e+00  -1.5542156e+00  -3.9706300e+00
  -6.6076269e+00  -6.7951189e+00  -7.6987795e+00  -7.7627773e+00  -1.0198547e+01  -1.1695254e+01  -1.0213659e+01  -7.6206291e+00
  -5.8769153e+00  -7.3611463e+00  -1.0049074e+01  -9.7905757e+00  -1.0917844e+01  -9.8381334e+00  -6.7164392e+00  -7.2283888e+00
  -1.0576335e+01  -7.7042103e+00  -6.8115519e+00  -4.3171981e+00  -2.8718930e+00  -5.1828611e+00  -2.1547797e+00  -1.5471503e+00
  -7.7322753e+00  -5.5706944e+00  -7.9649298e+00  -4.4352058e+00  -4.2366829e+00  -1.3014881e+00   1.6860347e+00   1.7558228e+00
  -6.6918251e+00  -6.8071068e+00  -7.3772612e+00  -3.1844703e+00  -4.3101171e+00  -1.0644217e+00   7.0884566e-01   2.1254810e+00
  -6.8674089e-02  -1.2901550e-01   4.9205755e-02   2.4125407e-01   6.6236067e-01  -1.4829986e-01  -4.4964343e-01   9.9708978e-01
  -3.8543511e-02  -1.1356980e-01  -1.4527282e-02   7.7275662e-02   4.1166287e-01  -2.7063489e-01  -4.8861137e-01   9.6865999e-01
   4.5845236e-03  -2.3484754e-02   4.3666796e-02   4.0546259e-02   6.9723567e-02   2.7283855e-01   5.1043493e-01   3.5549918e-01
  -1.2361885e-01  -9.6185156e-02   1.5993440e-02   5.6582226e-03  -8.9573934e-02  -6.0221485e-02   7.6720926e-02   1.9857700e-01
   2.1779891e-02  -2.6995079e-02  -2.4199543e-02  -5.6025938e-02   4.5803655e-02   2.1202733e-02   5.6060379e-02   5.2853896e-03
  -5.8746693e-02   1.0610011e-02   2.6844654e-01   6.2052788e-01   7.1466859e-01  -4.1393988e-01  -5.8062400e-01   1.2849758e+00
  -3.3127682e-02   7.6808783e-02   5.5407097e-01   6.8891655e-01   6.9536153e-01   5.3046358e-01   3.4386354e-01   6.7721106e-01
  -1.6555309e-01  -1.6555309e-01   2.0711422e-02   2.0711422e-02   2.0711422e-02   2.0711422e-02  -1.6555309e-01   5.7950497e-01
  -1.6555309e-01  -1.6555309e-01  -1.6555309e-01   2.0711422e-02   2.0711422e-02   2.0711422e-02  -3.5181761e-01   5.7950497e-01
   2.0711422e-02   2.0711422e-02   2.0711422e-02   2.0711422e-02   2.0711422e-02   2.0711422e-02   2.0711422e-02   2.0711422e-02
  -1.6555309e-01  -1.6555309e-01   2.0711422e-02   2.0711422e-02   2.0711422e-02   2.0711422e-02   2.0711422e-02   2.0711422e-02
   2.0711422e-02   2.0711422e-02   2.0711422e-02   2.0711422e-02   2.0711422e-02  -1.6555309e-01  -1.6555309e-01  -1.6555309e-01
  -1.6555309e-01   2.0711422e-02   2.0697594e-01   3.9324045e-01   5.7950497e-01   2.0711422e-02  -1.6555309e-01   2.6284146e+00
  -1.6555309e-01  -1.6555309e-01   2.0697594e-01   5.7950497e-01   3.9324045e-01   9.5203400e-01   1.3245630e+00   1.3245630e+00
  -3.8468963e+01  -4.3625262e+01  -4.7627348e+01  -5.0370536e+01  -5.1308935e+01  -5.1509361e+01  -5.3022877e+01  -5.4205208e+01
  -3.7712771e+01  -4.2072591e+01  -4.5672968e+01  -4.8382139e+01  -5.0086393e+01  -5.0743094e+01  -5.2752487e+01  -5.4258423e+01
  -3.3897100e+01  -3.9698706e+01  -4.4167154e+01  -4.6925772e+01  -4.8487439e+01  -4.9508482e+01  -5.0277738e+01  -5.1325578e+01
  -2.5748982e+01  -2.6297751e+01  -2.6452926e+01  -2.8893266e+01  -3.2976815e+01  -3.5791580e+01  -4.0817535e+01  -4.3078639e+01
  -2.3889995e+01  -2.9314952e+01  -3.8169605e+01  -4.1501358e+01  -4.2460267e+01  -4.2761126e+01  -4.3482465e+01  -4.3763173e+01
  -2.2920668e+01  -3.2996546e+01  -3.7308807e+01  -3.8056895e+01  -3.7503840e+01  -3.6826572e+01  -3.7366246e+01  -3.7918886e+01
  -2.5703209e+01  -3.5412743e+01  -3.8877411e+01  -3.9837953e+01  -3.9886731e+01  -3.9860211e+01  -4.0066814e+01  -4.0220904e+01
   7.7309579e+00   8.4221981e+00   5.4498234e+00   3.6980718e+00   2.3306106e+00   3.6743326e+00   2.3051586e+00   8.2677033e-01
   7.9803543e+00   7.7487277e+00   5.5737796e+00   5.5071726e+00   3.5680643e+00   3.4160709e+00   2.0645260e+00   3.1132641e-01
   7.9082219e+00   5.9101037e+00   6.4562039e+00   5.3430288e+00   3.4328361e+00   5.1461291e+00   4.1390558e+00   2.5606202e+00
   8.3489844e+00   8.2938238e+00   7.4771529e+00   7.5668272e+00   6.9622217e+00   6.0535116e+00   5.1446029e+00   3.3864191e-01
   6.4605261e+00   6.3780337e+00   4.8617049e+00   2.1772849e+00   4.9400964e-01   1.1688436e+00   6.0688568e-01   7.8796231e-01
   1.0032012e+01   6.9137393e+00   3.1564768e+00   1.4940992e+00   1.8918520e+00   2.8312053e+00   1.8350133e+00   1.4066473e+00
   1.0453157e+01   6.7818528e+00   3.2180920e+00   1.1308872e+00   5.1074830e-01   1.4208458e-01   2.2172290e+00   1.2054262e+00
  -5.0422600e+00  -5.7516124e+00  -6.0324149e+00  -5.1514533e+00  -7.9006367e-01   7.1071847e-01   7.8563466e-01   6.7243961e-01
  -5.9918652e+00  -7.1614310e+00  -7.1147390e+00  -5.2528063e+00  -1.2840992e+00   2.6034875e-01   9.4672027e-01   8.9625569e-01
  -6.1925628e+00  -7.4966706e+00  -8.3171689e+00  -6.4249073e+00  -3.5489463e+00  -6.7495292e-01  -2.7285611e+00  -3.7578995e+00
  -7.4074287e+00  -7.9129012e+00  -8.4305227e+00  -6.7559312e+00  -5.9247888e+00  -7.4691511e+00  -3.5787498e+00  -6.8579223e-01
  -5.8125759e+00  -6.3650972e+00  -4.5895658e+00  -3.4149444e+00  -1.0264817e+00   5.9122168e-01  -3.3575788e-01  -1.5343627e+00
  -4.6615004e+00  -2.9134198e+00   2.0698190e-01  -5.4383069e-01   1.5020095e+00   1.0858714e+00  -5.3620691e-01  -1.6870615e+00
  -4.8152367e+00  -1.9755229e+00   9.0057492e-01   6.8434138e-02   1.8239507e+00   3.1277471e-01  -3.5949653e-01  -1.6665749e+00
  -5.6241439e+01  -6.0797809e+01  -6.7460878e+01  -6.8746910e+01  -6.9805756e+01  -7.0264459e+01  -7.0340830e+01  -7.1837242e+01
  -5.5446028e+01  -5.8741902e+01  -6.4492607e+01  -6.5830600e+01  -6.7292488e+01  -6.8850905e+01  -6.9320783e+01  -7.2190050e+01
  -5.2412104e+01  -5.7716756e+01  -6.3065337e+01  -6.4613950e+01  -6.7144843e+01  -7.0191062e+01  -7.0425621e+01  -6.9101346e+01
  -4.7136675e+01  -4.8228216e+01  -4.8147326e+01  -4.8450125e+01  -5.1502672e+01  -5.3741020e+01  -5.6775502e+01  -5.8910407e+01
  -4.2374261e+01  -4.5712717e+01  -5.3544562e+01  -5.8319140e+01  -5.7862054e+01  -5.7740629e+01  -5.9869091e+01  -6.0680753e+01
  -4.1122189e+01  -4.9078587e+01  -5.5633416e+01  -5.6133230e+01  -5.5014014e+01  -5.3905116e+01  -5.4763194e+01  -5.5985930e+01
  -4.4148657e+01  -5.1870870e+01  -5.6910902e+01  -5.6433772e+01  -5.6101747e+01  -5.7084376e+01  -5.7887860e+01  -5.6855831e+01
  -5.5565572e+01  -6.2570152e+01  -6.5280264e+01  -6.7001386e+01  -6.9366812e+01  -6.7238674e+01  -6.8094711e+01  -6.9859475e+01
  -5.4639490e+01  -6.0751573e+01  -6.3984238e+01  -6.5405463e+01  -6.8508735e+01  -6.6655678e+01  -6.8023956e+01  -6.9990250e+01
  -5.0826276e+01  -5.8178452e+01  -6.4100720e+01  -6.5554571e+01  -6.6982794e+01  -6.8475415e+01  -7.0150364e+01  -7.1261536e+01
  -4.5652963e+01  -4.8035494e+01  -4.8581528e+01  -4.8796411e+01  -5.4973938e+01  -5.6569490e+01  -5.7315533e+01  -5.9131819e+01
  -4.3222776e+01  -4.7132300e+01  -5.5321767e+01  -5.7625670e+01  -5.8326766e+01  -5.9835201e+01  -6.0891844e+01  -6.1094043e+01
  -3.9622476e+01  -4.7674267e+01  -5.3736070e+01  -5.4139037e+01  -5.2786627e+01  -5.1793882e+01  -5.3028860e+01  -5.4774239e+01
  -4.1770155e+01  -5.1226064e+01  -5.4720811e+01  -5.5033371e+01  -5.4608704e+01  -5.4173849e+01  -5.5387047e+01  -5.6457361e+01
