   6.8129018e+00   1.0779470e+01   1.3884950e+01   8.7994154e+00   8.3558968e+00   4.5966875e+00   4.4936667e+00   6.2311411e+00
   7.7113184e+00   7.6218132e+00   1.1712888e+01   7.7493307e+00   5.1797446e+00   3.1260304e+00   2.8095811e+00   5.3833600e+00
   1.1567384e+01   7.1605569e+00   7.8302003e+00   6.9858629e+00   6.6893272e+00   7.1582386e+00   7.3297097e+00   4.8376499e+00
   1.1895140e+01   1.4061314e+01   1.4172440e+01   8.8383907e+00   9.2576375e+00   6.0837005e+00   6.2852480e+00   5.6819755e+00
   1.1587201e+01   6.4792074e+00   7.9507763e+00   1.1948029e+01   1.2295614e+01   9.0505276e+00   4.9893011e+00   4.5007499e+00
   6.8514176e+00   1.9755582e+00   9.4822590e+00   8.0039818e+00   4.9255015e+00   4.0207766e+00   5.2197378e+00   4.3281659e+00
   6.8923108e+00   3.3980293e+00   9.7706032e+00   7.6779630e+00   4.4697110e+00   2.6032745e+00   4.2938646e+00   3.6912495e+00
  -1.0625019e+01  -1.1243121e+01  -1.1419808e+01  -6.4363498e+00  -3.5942762e+00  -8.1146690e+00  -8.8471780e+00  -7.6372724e+00
  -1.1079030e+01  -8.9422897e+00  -1.0006710e+01  -5.4348486e+00  -4.6430211e+00  -8.7476901e+00  -8.7378526e+00  -6.2292374e+00
  -6.9946106e+00  -5.9103944e+00  -1.0349310e+01  -9.5355657e+00  -9.3050370e+00  -9.0446202e+00  -5.9923912e+00  -1.7309900e+00
  -1.5061182e+01  -1.4523967e+01  -1.1762046e+01  -6.1046108e+00  -8.6485971e+00  -8.1571195e+00  -6.8803624e+00  -9.6711525e+00
  -9.5312989e+00  -4.4879224e+00  -5.0811729e+00  -7.0892082e+00  -7.8930165e+00  -8.0017039e+00  -3.0791845e+00  -2.7262892e+00
  -5.6543889e+00  -6.6244487e+00  -8.7522219e+00  -4.8050308e+00  -5.1965733e+00  -4.0982557e+00  -1.4654499e+00  -4.8776707e-01
  -5.2483222e+00  -8.9551120e+00  -8.3039183e+00  -3.5695320e+00  -3.7208507e+00  -2.6862089e+00  -7.0184172e-01   3.8279009e-02
   1.7604632e-01   1.3563341e-01  -3.2032129e-03  -1.7185536e-01  -2.1768134e-01  -6.3215316e-02   3.4132624e-01   5.3399701e-01
   2.3950264e-01   2.5614131e-01   8.1112524e-02  -1.4870424e-01  -2.0146581e-01  -1.9202291e-01  -1.2665463e-01   1.8508513e-01
   1.4865777e-01   2.1057597e-01   2.0072731e-01   3.0552590e-01   1.2269595e-01   5.0091311e-02  -7.0009305e-03   1.3645247e-01
   1.2332419e-01   8.4145058e-02  -4.4591095e-03  -7.2277003e-02   1.1435515e-01   1.2795354e-01   5.2338852e-01   5.7619074e-01
  -7.6078052e-02   6.5273335e-03   1.3929674e-01   3.5734145e-01   4.2170485e-01  -8.9983327e-02  -5.4214024e-01  -6.8162420e-01
  -1.9478365e-01   7.5139472e-02   2.0152343e-01   2.7344901e-01   5.7009874e-01   8.8730501e-01   6.7984411e-01   1.5334685e-01
  -2.4155296e-01   1.3337259e-01   2.7641286e-01   4.5099590e-01   7.8063376e-01   1.1152813e+00   8.8586741e-01   2.4542318e-01
   2.0210266e-01   1.5838146e-02   1.5838146e-02  -1.7042637e-01  -1.7042637e-01   1.5838146e-02   2.0210266e-01   2.0210266e-01
   2.0210266e-01   2.0210266e-01   1.5838146e-02  -1.7042637e-01   1.5838146e-02   1.5838146e-02   1.5838146e-02   2.0210266e-01
   1.5838146e-02   1.5838146e-02   2.0210266e-01   2.0210266e-01   2.0210266e-01   1.5838146e-02  -1.7042637e-01   1.5838146e-02
   2.0210266e-01   1.5838146e-02   1.5838146e-02  -1.7042637e-01   2.0210266e-01   1.5838146e-02   1.5838146e-02   1.5838146e-02
  -1.7042637e-01  -1.7042637e-01   1.5838146e-02  -1.7042637e-01   1.5838146e-02   1.5838146e-02  -3.5669088e-01  -3.5669088e-01
  -3.5669088e-01   1.5838146e-02   1.5838146e-02  -1.7042637e-01   1.5838146e-02   3.8836718e-01   3.8836718e-01   1.5838146e-02
  -3.5669088e-01   1.5838146e-02  -1.7042637e-01  -1.7042637e-01   1.5838146e-02   7.6089621e-01   7.6089621e-01   1.5838146e-02
  -3.3347776e+01  -3.5868510e+01  -3.7587516e+01  -4.2053994e+01  -4.6747504e+01  -4.7607447e+01  -4.8455423e+01  -4.8469931e+01
  -3.1523183e+01  -3.5457566e+01  -3.8297510e+01  -4.2713025e+01  -4.5961431e+01  -4.6627280e+01  -4.7680122e+01  -4.7874244e+01
  -3.0624960e+01  -3.6145948e+01  -3.8895431e+01  -4.0753749e+01  -4.2571097e+01  -4.2152115e+01  -4.1898811e+01  -4.1829536e+01
  -1.6848374e+01  -1.7858688e+01  -1.9288499e+01  -2.4644560e+01  -3.1846330e+01  -3.4522270e+01  -3.6589134e+01  -3.7705864e+01
  -2.0292338e+01  -2.8598208e+01  -3.6901474e+01  -3.9330277e+01  -4.0283658e+01  -4.1458248e+01  -4.2103354e+01  -4.2318452e+01
  -2.0091131e+01  -3.0148103e+01  -3.3202750e+01  -3.5318018e+01  -3.7378575e+01  -3.7763373e+01  -3.8123898e+01  -3.8226559e+01
  -2.1680991e+01  -3.1735912e+01  -3.4225523e+01  -3.6555556e+01  -3.8614947e+01  -3.8599064e+01  -3.8811502e+01  -3.9059807e+01
   8.6185557e+00   8.1461889e+00   6.2340739e+00   7.1872177e+00   4.8165013e+00   5.8602963e+00   4.4840347e+00   3.6140988e+00
   8.2780794e+00   7.5864200e+00   6.3126006e+00   7.4678951e+00   4.9369692e+00   6.3218645e+00   5.5437107e+00   4.8476102e+00
   5.8144281e+00   5.1728802e+00   6.7029023e+00   6.3904694e+00   2.5843915e+00   2.8613940e+00   3.3967757e+00   5.0062249e+00
   6.1836737e+00   8.1095006e+00   9.2514361e+00   8.3433786e+00   6.4198872e+00   7.0251614e+00   5.2852131e+00   2.3660418e+00
   5.3704315e+00   5.2260357e+00   3.8569190e+00   2.1087542e+00  -1.3498577e+00  -1.4324790e+00   1.0945089e+00   4.2198870e-02
   9.8682546e+00   7.6311125e+00   4.4229346e+00   4.4666925e+00   2.2229038e+00  -1.4436596e+00  -2.3852949e+00  -1.2374554e+00
   1.0185904e+01   6.8042275e+00   4.4434818e+00   4.5761511e+00   2.7825055e+00  -1.4308775e+00  -2.5250223e+00  -1.2559434e+00
  -4.6724314e+00  -5.9713446e+00  -6.7245510e+00  -6.4506791e+00  -6.9825264e+00  -6.1172453e+00  -3.8969044e+00  -4.6469629e+00
  -4.3319936e+00  -5.6979011e+00  -6.3029165e+00  -6.3005347e+00  -7.0969767e+00  -6.1363161e+00  -3.5004252e+00  -4.5169473e+00
  -5.1239960e+00  -6.2136283e+00  -5.4574897e+00  -4.8411456e+00  -2.6388407e+00  -4.4009535e+00  -5.4364430e+00  -6.3209170e+00
  -7.4055217e+00  -7.2288530e+00  -7.9875911e+00  -6.6571040e+00  -6.1384568e+00  -5.1482598e+00  -2.9639635e+00  -3.1557244e+00
  -3.5730333e+00  -3.8034188e+00  -3.9396101e+00  -2.5747680e+00  -1.6787928e+00  -8.1564380e-01  -3.1850484e-01  -3.7052563e-01
  -2.5978350e+00  -1.6336062e+00  -3.9612498e+00  -2.9664496e+00  -1.0139582e+00   3.7223775e-01   9.1271701e-01  -4.5982675e-01
  -1.8912597e+00   1.4657366e-01  -4.2726253e+00  -2.5458565e+00  -8.6216894e-01   1.6693457e-02   6.2592420e-01  -2.1977587e-01
  -4.8848699e+01  -5.4130463e+01  -5.5107933e+01  -5.5170860e+01  -6.0508362e+01  -5.9618200e+01  -6.1635298e+01  -6.4644584e+01
  -4.7845536e+01  -5.2638747e+01  -5.4965547e+01  -5.5298571e+01  -5.8948786e+01  -5.8189518e+01  -5.9890718e+01  -6.2502114e+01
  -4.6630816e+01  -5.2798678e+01  -5.5024351e+01  -5.6123222e+01  -5.7871145e+01  -5.6815597e+01  -5.8011488e+01  -5.5930389e+01
  -4.0140115e+01  -4.0443566e+01  -3.7923399e+01  -3.8340287e+01  -4.5977071e+01  -4.7053481e+01  -5.1574977e+01  -5.5393536e+01
  -3.5258883e+01  -4.1060910e+01  -5.1442011e+01  -5.5997673e+01  -5.8415984e+01  -5.7878092e+01  -5.7451969e+01  -5.9161208e+01
  -3.0794594e+01  -4.0900649e+01  -4.8304026e+01  -4.9416623e+01  -5.3159766e+01  -5.4675782e+01  -5.4783690e+01  -5.4933292e+01
  -3.2395514e+01  -4.4434290e+01  -4.9404260e+01  -5.0097272e+01  -5.4017987e+01  -5.5532214e+01  -5.5610672e+01  -5.5488494e+01
  -4.7859503e+01  -5.2693586e+01  -5.5430901e+01  -5.7099811e+01  -6.0093998e+01  -6.1483293e+01  -6.2721982e+01  -6.1715501e+01
  -4.6327234e+01  -5.0062567e+01  -5.4988980e+01  -5.7023065e+01  -5.9067154e+01  -6.0587024e+01  -6.1474418e+01  -6.0502368e+01
  -4.4061948e+01  -4.9173407e+01  -5.4587318e+01  -5.5013287e+01  -5.7528741e+01  -5.8622506e+01  -5.7799889e+01  -5.3336934e+01
  -3.7034158e+01  -3.7704411e+01  -3.7065351e+01  -3.8934524e+01  -4.5690582e+01  -4.8235151e+01  -5.2544443e+01  -5.4146712e+01
  -3.6363613e+01  -4.1027249e+01  -5.0117805e+01  -5.5451140e+01  -5.6918439e+01  -5.6733606e+01  -5.7019445e+01  -5.7623633e+01
  -3.3092758e+01  -4.3838191e+01  -5.0364459e+01  -5.1366168e+01  -5.2862622e+01  -5.1689116e+01  -5.2523409e+01  -5.2970058e+01
  -3.5563576e+01  -4.7815583e+01  -5.1369851e+01  -5.2336430e+01  -5.3589973e+01  -5.2236051e+01  -5.3145773e+01  -5.4179121e+01
