   7.9499068e+00   6.2196014e+00   6.8321788e+00   7.1154944e+00   1.0195524e+01   1.0535092e+01   6.4636993e+00   6.9655414e+00
   9.3672046e+00   6.3153123e+00   5.7762053e+00   6.8308872e+00   1.0239821e+01   1.0796214e+01   6.6316422e+00   8.3520319e+00
   5.6518214e+00   1.2749416e+01   1.2639880e+01   1.2246482e+01   1.0660306e+01   1.1548246e+01   1.0906428e+01   7.5764802e+00
   8.0683706e+00   8.7091946e+00   8.6388038e+00   9.6519828e+00   1.2259964e+01   1.0705154e+01   7.2280904e+00   5.7097256e+00
   6.7038725e+00   8.4479957e+00   4.7097460e+00   9.2871619e+00   7.8981118e+00   5.9120290e+00   4.7371436e+00   6.1216018e-01
   6.3109809e+00   2.9509303e+00   4.6460162e+00   8.7897194e+00   7.2003271e+00   3.5128751e+00   2.6795132e+00   1.7089408e+00
   6.4500563e+00   2.0948292e+00   5.1140129e+00   8.9500134e+00   7.4128446e+00   3.2875310e+00   2.2563906e+00   2.2277744e+00
  -4.1433557e+00  -7.2089613e+00  -1.0247786e+01  -1.1146365e+01  -1.1389905e+01  -1.0619612e+01  -9.6878658e+00  -1.0502727e+01
  -3.9647714e+00  -6.0297576e+00  -8.2005089e+00  -1.0294151e+01  -1.0295621e+01  -8.7062355e+00  -9.0738701e+00  -9.8139630e+00
  -1.0668242e+01  -6.0429835e+00  -1.2510933e+01  -1.1788198e+01  -1.0827547e+01  -1.1387199e+01  -1.2503174e+01  -1.3857824e+01
  -9.4112484e+00  -1.1190689e+01  -1.3064470e+01  -1.2329920e+01  -1.3138778e+01  -1.2575234e+01  -1.0724832e+01  -1.0480983e+01
  -5.9971142e+00  -6.9780577e+00  -5.6704298e+00  -8.5390406e+00  -4.4687140e+00  -4.3427499e+00  -2.1722003e+00  -1.0959235e+00
  -7.1416457e+00  -6.6360686e+00  -9.3343579e+00  -8.0798371e+00  -6.7233133e+00  -4.4017940e+00  -2.7909369e+00  -2.5684463e+00
  -7.3485899e+00  -9.3486351e+00  -1.0755183e+01  -7.6365674e+00  -5.9886271e+00  -4.2818197e+00  -3.1043049e+00  -2.5711943e+00
   1.0847745e-02   6.6411145e-02   3.0040102e-02   5.0755489e-02   2.3958542e-02   4.9674471e-02   4.0806697e-01   4.1780236e-01
  -7.5500761e-02   1.5594974e-01   5.9101671e-02   5.6741709e-02   4.8606998e-02   7.7275393e-02   2.7255346e-01   3.7301955e-01
  -3.2404857e-02   2.4522667e-02  -1.4555356e-02  -3.8966528e-03  -3.1694439e-02  -2.8687563e-02  -1.0624755e-02   5.0507832e-02
  -2.8204555e-02  -1.4677338e-01  -1.3066913e-01  -2.0453565e-02  -7.8146525e-03  -1.0446415e-01  -4.8452405e-02   2.1432981e-01
  -3.9380579e-02   1.1230988e-01   1.2733140e-01   2.2795702e-01   6.9983924e-01   1.0915906e+00   8.5117880e-01   1.1999002e+00
  -2.9177319e-01   5.7724884e-02   8.1662652e-01   6.7265754e-01   5.6341276e-01   9.4704696e-01   1.1739477e+00   1.1950193e+00
  -2.3879117e-01   2.5038982e-01   9.5168141e-01   7.7278696e-01   5.7085202e-01   8.8596388e-01   1.1201357e+00   1.2302767e+00
   1.5838146e-02   1.5838146e-02   1.5838146e-02   1.5838146e-02   1.5838146e-02   1.5838146e-02   1.5838146e-02   1.5838146e-02
  -1.7042637e-01   2.0210266e-01   1.5838146e-02   1.5838146e-02   1.5838146e-02   1.5838146e-02   1.5838146e-02   1.5838146e-02
   1.5838146e-02   1.5838146e-02   1.5838146e-02   1.5838146e-02  -1.7042637e-01  -1.7042637e-01   1.5838146e-02   1.5838146e-02
   1.5838146e-02  -1.7042637e-01  -1.7042637e-01   1.5838146e-02   1.5838146e-02  -1.7042637e-01  -1.7042637e-01   1.5838146e-02
   1.5838146e-02   1.5838146e-02   1.5838146e-02   1.5838146e-02   1.5838146e-02   2.0210266e-01   2.0210266e-01   5.7463169e-01
  -3.5669088e-01  -1.7042637e-01   2.0210266e-01   1.5838146e-02   1.5838146e-02   1.5838146e-02   2.0210266e-01   2.0210266e-01
  -1.7042637e-01   1.5838146e-02   2.0210266e-01   1.5838146e-02   1.5838146e-02   1.5838146e-02   2.0210266e-01   2.0210266e-01
  -3.4103107e+01  -3.9455513e+01  -4.0848481e+01  -4.2143436e+01  -4.4546469e+01  -4.7598350e+01  -5.1480676e+01  -5.2921964e+01
  -3.1989130e+01  -3.7755190e+01  -4.0296260e+01  -4.1913624e+01  -4.4767888e+01  -4.7818803e+01  -5.0975242e+01  -5.2184101e+01
  -2.6928122e+01  -3.2095265e+01  -3.5540173e+01  -3.7052601e+01  -3.9289509e+01  -4.1195185e+01  -4.2065059e+01  -4.2515266e+01
  -2.2577749e+01  -2.2784559e+01  -2.3480822e+01  -2.5926797e+01  -2.8069955e+01  -3.0704225e+01  -3.5572103e+01  -3.8469005e+01
  -1.9569853e+01  -2.3865100e+01  -3.2039062e+01  -3.7719609e+01  -4.0465090e+01  -4.1353218e+01  -4.1850153e+01  -4.2276506e+01
  -2.0614415e+01  -3.1320522e+01  -3.5601068e+01  -3.7180214e+01  -3.8524884e+01  -3.9318020e+01  -3.9609835e+01  -3.9661262e+01
  -2.1268965e+01  -3.2977516e+01  -3.6395982e+01  -3.8278244e+01  -3.9593560e+01  -4.0409233e+01  -4.0693840e+01  -4.0587564e+01
   5.3192135e+00   5.7026071e+00   7.2026258e+00   7.5548958e+00   6.4840204e+00   4.3289750e+00   4.0726169e+00   2.5782050e+00
   5.0720556e+00   4.3046723e+00   6.7875248e+00   7.3390713e+00   5.7540039e+00   3.4624082e+00   3.2535792e+00   2.1313365e+00
   7.3776883e+00   4.2969155e+00   5.6399399e+00   6.6919106e+00   6.7685636e+00   5.2868790e+00   5.3889282e+00   6.5970708e+00
   7.8441626e+00   8.4977369e+00   7.9427935e+00   7.0256462e+00   6.9607527e+00   6.3605767e+00   7.1937984e+00   5.1198479e+00
   7.4304346e+00   4.6075901e+00   4.1157752e+00   2.2655223e+00   1.0401719e+00   1.2930028e+00  -1.0065657e+00   4.1239524e-01
   7.4275569e+00   6.5549546e+00   3.5726220e+00   1.1282767e+00  -6.6298251e-01  -1.0640665e-01  -5.2501002e-01   7.3180025e-01
   7.0914667e+00   7.3210672e+00   4.1289753e+00   1.1770477e+00  -7.0611317e-01  -1.5734975e-01  -3.0411445e-01   8.4675718e-01
  -7.0495159e+00  -7.6139763e+00  -6.4180628e+00  -6.7503849e+00  -5.4965974e+00  -4.2110630e+00  -3.2950272e+00  -2.2925178e-01
  -6.7760955e+00  -8.6144050e+00  -6.5314138e+00  -6.6585114e+00  -5.4578673e+00  -3.9143950e+00  -2.9503629e+00  -1.1953861e+00
  -7.1224558e+00  -8.1375502e+00  -5.2368364e+00  -7.6848041e+00  -5.6815410e+00  -5.2300309e+00  -3.6667532e+00  -3.1204360e+00
  -9.0409220e+00  -6.9424116e+00  -4.8773270e+00  -5.7078089e+00  -5.9893339e+00  -5.2526795e+00  -4.9739358e+00  -3.0923925e+00
  -7.8233956e+00  -7.2148021e+00  -5.9398813e+00  -1.7409625e+00  -1.4858512e+00  -8.2471344e-01  -6.3876391e-01   6.9578754e-02
  -5.4148914e+00  -3.9752380e+00  -3.4321068e+00  -2.5658884e+00  -4.7386850e-01  -2.7036724e-01   2.8239518e-01   1.3655120e+00
  -6.1139033e+00  -2.8036228e+00  -3.1176461e+00  -2.8241639e+00  -9.8631678e-01  -2.8816588e-01   9.3140061e-02   1.1038139e+00
  -4.6581375e+01  -5.2680974e+01  -5.4528825e+01  -5.6077814e+01  -6.0073608e+01  -6.2158703e+01  -6.5003009e+01  -6.9529790e+01
  -4.4754482e+01  -5.1769778e+01  -5.3602196e+01  -5.5404793e+01  -5.9991285e+01  -6.2581329e+01  -6.5279672e+01  -6.9276999e+01
  -4.0535533e+01  -4.8752687e+01  -5.2971072e+01  -5.3920577e+01  -5.5540220e+01  -5.8374820e+01  -5.9174302e+01  -5.9526668e+01
  -3.6402243e+01  -3.6429979e+01  -3.7100589e+01  -4.0355973e+01  -4.4471842e+01  -4.5233129e+01  -4.7851953e+01  -5.3229536e+01
  -3.2301426e+01  -3.8252817e+01  -4.6292024e+01  -5.2998617e+01  -5.5375269e+01  -5.7159190e+01  -5.8363078e+01  -5.6887508e+01
  -3.0717926e+01  -4.0606980e+01  -4.9068062e+01  -5.2913309e+01  -5.4306303e+01  -5.4206274e+01  -5.5096390e+01  -5.4429050e+01
  -3.1743320e+01  -4.2662755e+01  -4.9819150e+01  -5.4131079e+01  -5.5395059e+01  -5.5121136e+01  -5.5829521e+01  -5.5134159e+01
  -4.5471885e+01  -5.2343980e+01  -5.6532228e+01  -5.8264242e+01  -6.1765060e+01  -6.5019419e+01  -6.7881221e+01  -7.0697383e+01
  -4.4100958e+01  -4.9365130e+01  -5.4384607e+01  -5.7290043e+01  -6.1251211e+01  -6.4160975e+01  -6.6909143e+01  -6.9388203e+01
  -4.2809146e+01  -4.5100615e+01  -5.2437765e+01  -5.5089546e+01  -5.8465460e+01  -6.1890310e+01  -6.2168251e+01  -6.2786997e+01
  -3.8140316e+01  -4.0456358e+01  -4.1827287e+01  -4.2991664e+01  -4.6701937e+01  -5.0070679e+01  -5.3702260e+01  -5.6623101e+01
  -3.2573895e+01  -3.5993813e+01  -4.4788876e+01  -5.3915096e+01  -5.5917664e+01  -5.7233931e+01  -5.7495054e+01  -5.6791938e+01
  -3.5037239e+01  -4.4380393e+01  -5.1928802e+01  -5.3057977e+01  -5.5114239e+01  -5.5817464e+01  -5.5967751e+01  -5.6269950e+01
  -3.5828965e+01  -4.7849750e+01  -5.3390969e+01  -5.3470223e+01  -5.5336304e+01  -5.6400290e+01  -5.6768499e+01  -5.7376888e+01
