   4.6680010e+00   8.0723788e+00   1.2257571e+01   9.7337147e+00   1.0415415e+01   9.4591298e+00   7.0247479e+00   7.3523160e+00
   6.1119580e+00   8.3348846e+00   1.2790109e+01   9.9589536e+00   1.0664369e+01   9.8680515e+00   6.0046724e+00   5.9231811e+00
   1.0933033e+01   8.0428965e+00   8.2944715e+00   9.5388838e+00   1.0517484e+01   1.0475626e+01   1.0884048e+01   8.3958761e+00
   8.7661535e+00   9.9739572e+00   1.0498916e+01   6.5940206e+00   7.8025543e+00   8.9058389e+00   8.6546984e+00   6.8936692e+00
   6.6921466e+00   7.6852447e+00   3.9949052e+00   5.9941185e+00   5.8176691e+00   4.8083947e+00   2.4266887e+00   2.7912797e+00
   5.8638035e+00   5.9694543e+00   8.7418957e+00   7.9570197e+00   3.7657681e+00   3.6386193e+00   1.8610937e+00  -1.1281543e+00
   6.2568431e+00   8.1429942e+00   9.4573221e+00   8.4373391e+00   2.8300557e+00   3.6250284e+00   2.5666082e+00  -8.7310549e-01
  -8.2398297e+00  -7.6681555e+00  -1.3018578e+01  -8.7526080e+00  -9.1052488e+00  -1.0232008e+01  -8.1474624e+00  -3.4556180e+00
  -8.1772599e+00  -7.7963296e+00  -1.3009052e+01  -8.6466836e+00  -8.5778077e+00  -9.1959919e+00  -6.4468696e+00  -3.4400878e+00
  -6.3869513e+00  -7.4122277e+00  -7.6992374e+00  -9.7570238e+00  -9.9083864e+00  -9.2889984e+00  -7.9765467e+00  -1.0651965e+01
  -1.1225277e+01  -1.2957521e+01  -1.3837327e+01  -9.4396363e+00  -9.4713438e+00  -9.5666735e+00  -5.6122270e+00  -8.4006265e+00
  -8.7727727e+00  -5.5867211e+00  -5.6792488e+00  -8.5066955e+00  -5.5890743e+00  -2.2281260e+00  -2.1863211e+00  -2.9541263e+00
  -6.5172233e+00  -7.6204306e+00  -1.2698713e+01  -8.8222986e+00  -3.7464538e+00  -5.2767888e+00  -4.0630198e+00  -3.1948435e+00
  -7.0342962e+00  -8.0767308e+00  -1.3475034e+01  -8.9395421e+00  -4.8858060e+00  -5.6924276e+00  -3.9624774e+00  -3.7384039e+00
   3.8202323e-02  -6.3663013e-03   7.4824409e-02   6.7887123e-02   6.8884386e-02   7.7440914e-02   1.9156849e-01   9.5952587e-01
   2.6263686e-02  -7.7692192e-02   5.0446803e-02   6.1088683e-02   8.0297630e-02   1.3281702e-01   2.4821520e-01   9.7782247e-01
   1.4718251e-01   1.9010940e-01   1.0100695e-01  -4.9824009e-02  -3.8533042e-02   1.8359761e-01   3.0429852e-01   3.7376569e-01
  -7.5789083e-03  -6.1671316e-02   5.3169430e-02   6.5898304e-02   1.2550770e-02  -6.3701004e-02  -1.1666254e-02   4.1404257e-01
  -6.7936336e-02  -1.5233781e-01   2.7411583e-02   2.0544949e-01   2.0224014e-01   4.1583581e-01   3.5078845e-01   5.6076699e-01
  -1.4274759e-01  -8.2367443e-02   1.5102011e-01   4.7730367e-01   1.2185372e+00   1.1555463e+00   1.0575813e+00   1.8447998e+00
  -1.0354795e-01  -6.0482928e-02   9.0420270e-02   4.4162382e-01   1.1789217e+00   1.3019137e+00   1.1997201e+00   1.9574599e+00
   1.5838146e-02   1.5838146e-02   1.5838146e-02   1.5838146e-02   1.5838146e-02   1.5838146e-02  -1.7042637e-01   2.0210266e-01
   1.5838146e-02  -1.7042637e-01   1.5838146e-02   1.5838146e-02   1.5838146e-02   1.5838146e-02   1.5838146e-02   2.0210266e-01
   1.5838146e-02   2.0210266e-01   1.5838146e-02  -1.7042637e-01   1.5838146e-02   1.5838146e-02   1.5838146e-02   1.5838146e-02
   1.5838146e-02   1.5838146e-02   1.5838146e-02   1.5838146e-02   1.5838146e-02  -1.7042637e-01  -1.7042637e-01   1.5838146e-02
   1.5838146e-02  -1.7042637e-01  -1.7042637e-01   1.5838146e-02  -1.7042637e-01  -1.7042637e-01  -1.7042637e-01   1.5838146e-02
  -1.7042637e-01  -1.7042637e-01   1.5838146e-02   1.5838146e-02   1.5838146e-02   2.0210266e-01   2.0210266e-01   1.8784833e+00
  -1.7042637e-01  -1.7042637e-01   1.5838146e-02   1.5838146e-02   1.5838146e-02   2.0210266e-01   2.0210266e-01   1.6922188e+00
  -3.1043897e+01  -3.5103097e+01  -3.6617259e+01  -3.8573946e+01  -4.1816531e+01  -4.4725580e+01  -4.8396699e+01  -5.0866052e+01
  -2.9012309e+01  -3.3701048e+01  -3.5513855e+01  -3.7300186e+01  -4.0441664e+01  -4.3543804e+01  -4.7276274e+01  -4.9369325e+01
  -2.6380952e+01  -3.1513450e+01  -3.5719813e+01  -3.7439807e+01  -3.8365256e+01  -3.9437687e+01  -4.0530284e+01  -4.1437990e+01
  -1.6575413e+01  -1.8626591e+01  -2.0446502e+01  -2.3047690e+01  -2.7244284e+01  -3.0218386e+01  -3.3905371e+01  -3.7109472e+01
  -1.9080687e+01  -2.3611315e+01  -3.1094739e+01  -3.5239894e+01  -3.8199347e+01  -3.9357676e+01  -3.9577764e+01  -4.0630097e+01
  -1.7890499e+01  -2.7118881e+01  -3.2085582e+01  -3.4845253e+01  -3.7654896e+01  -3.8433014e+01  -3.8865950e+01  -3.9206694e+01
  -1.8776681e+01  -2.8499232e+01  -3.2983510e+01  -3.5871037e+01  -3.8994623e+01  -3.9979361e+01  -4.0484440e+01  -4.0866342e+01
   7.7514651e+00   7.8270971e+00   6.3463511e+00   7.4535257e+00   5.1207195e+00   3.9643941e+00   2.9384910e+00   1.4995230e+00
   7.2907203e+00   7.3915706e+00   5.7083722e+00   6.9720833e+00   5.4981610e+00   3.9398706e+00   2.5864174e+00   4.4742123e-01
   5.3396210e+00   4.8563334e+00   4.8679366e+00   6.3929334e+00   5.3649947e+00   4.7119806e+00   3.7069783e+00   4.0384703e+00
   9.8500083e+00   1.0639566e+01   7.8097685e+00   7.6907439e+00   5.9419748e+00   6.2351607e+00   5.3145033e+00   5.3862660e+00
   6.9550999e+00   7.1688968e+00   7.6551281e+00   3.8769394e+00   3.9999792e+00   3.1468038e+00   2.1526278e+00   7.1850816e-01
   6.6989115e+00   4.5611524e+00   5.2824831e+00   3.3873217e+00   2.7412514e+00   2.5512932e+00   2.3963213e+00   2.5742425e+00
   6.4942517e+00   3.8324510e+00   5.6387083e+00   4.0232343e+00   3.1270974e+00   2.7909816e+00   1.9835690e+00   1.9509616e+00
  -6.8210286e+00  -7.3943866e+00  -5.3376217e+00  -6.5051667e+00  -5.7442826e+00  -4.1952135e+00  -1.9465461e+00  -1.0000410e+00
  -6.6255593e+00  -6.7975102e+00  -4.7743330e+00  -6.1914022e+00  -5.5704554e+00  -3.8869250e+00  -1.8761983e+00  -1.0364081e+00
  -7.1363604e+00  -6.9506649e+00  -5.5344074e+00  -4.6549532e+00  -5.9929231e+00  -4.1953704e+00  -2.0982592e+00  -1.0529436e+00
  -8.8226844e+00  -6.9975255e+00  -5.9878871e+00  -7.1372440e+00  -7.0581891e+00  -6.2283720e+00  -5.5214100e+00  -3.0815232e+00
  -5.8538098e+00  -5.1923349e+00  -3.8403607e+00  -5.2322941e+00  -3.6607739e+00  -1.8438138e+00  -3.1452397e-01   8.1548204e-01
  -8.0491210e+00  -5.9534257e+00  -3.2605447e+00  -3.9348580e+00  -2.5712907e+00  -1.5708703e+00  -5.2683772e-01   1.1092886e+00
  -8.3866634e+00  -6.7180619e+00  -3.1366907e+00  -4.2168139e+00  -2.4805817e+00  -1.6039523e+00  -6.2056658e-01   1.2559473e+00
  -4.3002036e+01  -4.8669731e+01  -5.4895248e+01  -5.5327109e+01  -5.8634715e+01  -6.0362217e+01  -6.2098151e+01  -6.5722877e+01
  -4.1116823e+01  -4.6446569e+01  -5.3502383e+01  -5.4024804e+01  -5.7242057e+01  -5.9540772e+01  -6.1417213e+01  -6.4377779e+01
  -4.1744859e+01  -4.5914752e+01  -5.0608840e+01  -5.2632967e+01  -5.4795165e+01  -5.5377510e+01  -5.6390921e+01  -5.6675366e+01
  -3.2765730e+01  -3.4907950e+01  -3.7976537e+01  -3.7467977e+01  -4.2360402e+01  -4.4292231e+01  -4.6613327e+01  -5.0340456e+01
  -3.1654120e+01  -3.5284739e+01  -4.2949984e+01  -4.8786531e+01  -5.2336796e+01  -5.3867937e+01  -5.3717267e+01  -5.6054658e+01
  -2.8828559e+01  -3.8210531e+01  -4.7423378e+01  -5.0021885e+01  -5.1226544e+01  -5.1805712e+01  -5.2124274e+01  -5.3471632e+01
  -3.0346810e+01  -4.0927071e+01  -4.8447468e+01  -5.1089234e+01  -5.2698825e+01  -5.3514982e+01  -5.3877753e+01  -5.5114730e+01
  -4.4237558e+01  -4.8998732e+01  -5.4189767e+01  -5.3883246e+01  -5.8108080e+01  -6.1345326e+01  -6.3777701e+01  -6.4876167e+01
  -4.1971414e+01  -4.7895897e+01  -5.3425278e+01  -5.2604723e+01  -5.6393581e+01  -5.9884265e+01  -6.2068467e+01  -6.3770198e+01
  -3.8293578e+01  -4.3685644e+01  -4.9765401e+01  -5.4302240e+01  -5.6138419e+01  -5.6605509e+01  -5.7603499e+01  -5.9467974e+01
  -3.4463091e+01  -3.8819981e+01  -3.9232799e+01  -3.8248627e+01  -4.3749262e+01  -4.6507952e+01  -4.8378681e+01  -5.3020947e+01
  -3.3728889e+01  -3.7030155e+01  -4.5212991e+01  -5.0367456e+01  -5.3992480e+01  -5.4977762e+01  -5.4694598e+01  -5.6508064e+01
  -3.1379159e+01  -4.0641892e+01  -4.9268427e+01  -5.0933204e+01  -5.3019235e+01  -5.3213961e+01  -5.4271319e+01  -5.4832486e+01
  -3.2423842e+01  -4.2722969e+01  -5.1211328e+01  -5.2198059e+01  -5.4431214e+01  -5.4498414e+01  -5.5855481e+01  -5.6807256e+01
