   3.7299862e+00   4.6195434e+00   3.5160636e+00   3.0474604e+00   4.5475973e-01  -1.3161641e+00   2.3657078e-01   1.9290017e+00
   5.9176950e+00   5.7170004e+00   5.5837910e+00   4.2010264e+00   2.1479856e+00  -2.3870525e-01  -1.2743440e-01   3.3286780e+00
   3.2206672e+00   4.2994672e+00   6.1107056e+00   5.9658397e+00   4.0551360e+00   2.5945418e+00   1.5677438e+00   3.1697297e+00
   1.1206644e+01   1.1751374e+01   9.0802094e+00   5.7698405e+00   5.6547619e+00   6.2380845e+00   3.8704774e+00   3.0102172e+00
   6.7960771e+00   5.9593471e+00   4.8181705e+00   3.4145578e+00   3.8743396e-01   5.7345680e-01   3.4417400e-01   1.2958526e+00
   7.3957069e-01   3.6004928e+00   2.9891985e+00   1.7419077e+00   2.6017580e+00   1.8528231e+00   1.4736826e+00   1.9462280e-01
   1.5583086e+00   4.7615668e+00   2.9200218e+00  -2.7360441e-01   1.1948593e+00   2.7587810e+00   4.3110274e-01   1.5072348e-01
  -3.9472728e+00  -7.3796449e+00  -6.9012933e+00  -4.5978744e+00  -5.9556619e+00  -5.8479417e+00  -1.5323669e+00  -9.3185241e-01
  -5.4637283e+00  -8.8133905e+00  -6.7931904e+00  -5.0795723e+00  -5.4252130e+00  -4.6415491e+00  -1.5837804e+00  -2.4526310e+00
  -7.0078968e+00  -8.9609855e+00  -9.8330080e+00  -6.7335796e+00  -5.4017755e+00  -5.2081714e+00  -2.0938451e+00  -1.8022270e-01
  -1.2672431e+01  -1.0251387e+01  -8.2961443e+00  -7.1765896e+00  -6.8618244e+00  -4.3568965e+00  -1.1623411e+00  -2.6051884e+00
  -4.3169630e+00  -4.6966959e+00  -5.3111231e+00  -2.5650421e+00  -3.2835875e+00  -3.8473144e+00  -4.7008217e-01  -2.6782807e+00
  -3.6514211e+00  -2.2571416e+00  -4.3391976e+00  -1.2637911e+00  -6.7326265e-01  -1.3341823e+00  -1.3240365e-01   1.0074788e+00
  -3.9816924e+00  -2.6966817e+00  -4.1677499e+00  -1.3170525e+00  -1.9777339e+00  -1.6950561e+00   1.3970658e+00   2.0434331e+00
  -1.4031062e-02   1.3870132e-01  -3.4309670e-02  -5.1684958e-02  -3.0065270e-01  -8.9985777e-01   8.9295989e-03   7.0520575e-01
   7.4313168e-02   1.2113895e-01   2.1817080e-02   8.4825785e-02   8.1475473e-02  -6.9417860e-01  -3.8877713e-01   7.4826799e-01
   1.5871473e-01   2.7022309e-01   2.4519651e-01  -7.2258046e-02  -5.1206259e-01  -1.0752454e+00  -8.3034647e-01  -5.1989990e-01
   1.3740762e-01   1.7236132e-01   4.0473542e-02  -6.0157216e-02  -3.0841326e-02  -1.9516988e-01  -1.7576299e-01   1.7146516e-01
   1.5017644e-01  -2.9820755e-02  -1.8806905e-01  -3.8523002e-01  -9.4104089e-01  -9.7417428e-01  -8.8049991e-01  -2.5635945e-01
  -8.1580274e-02   3.9615412e-01   3.7259499e-01   2.4604319e-01   2.2020740e-01   1.0393067e-01   3.5478928e-01   7.5705370e-02
  -8.4091812e-03   4.3544212e-01   7.6624593e-01   7.5874963e-01   5.7366228e-01   8.7416138e-02   6.0566408e-01   2.3642874e-01
   2.0711422e-02   2.0711422e-02   2.0711422e-02   2.0711422e-02   2.0711422e-02  -5.3808212e-01   9.5203400e-01   1.3245630e+00
   2.0711422e-02   2.0697594e-01   2.0711422e-02   2.0711422e-02   2.0697594e-01  -1.6555309e-01   2.0711422e-02   1.1382985e+00
   2.0697594e-01   2.0697594e-01   2.0697594e-01   2.0711422e-02  -1.6555309e-01  -7.2434664e-01  -1.6555309e-01   2.0711422e-02
   2.0697594e-01   2.0697594e-01   2.0711422e-02   2.0711422e-02   2.0697594e-01   2.0711422e-02  -1.6555309e-01  -1.6555309e-01
   2.0697594e-01   2.0711422e-02   2.0711422e-02   2.0711422e-02  -7.2434664e-01  -1.2831402e+00  -2.2144628e+00  -5.3808212e-01
   2.0711422e-02   2.0711422e-02   2.0697594e-01   3.9324045e-01   3.9324045e-01  -1.6555309e-01   2.0711422e-02   2.0711422e-02
   2.0711422e-02   2.0711422e-02   3.9324045e-01   7.6576948e-01   7.6576948e-01   2.0711422e-02   2.0697594e-01   3.9324045e-01
  -4.2869425e+01  -4.6732788e+01  -4.9120054e+01  -5.0942801e+01  -5.1001957e+01  -4.9761674e+01  -4.9491820e+01  -5.0113033e+01
  -4.1066531e+01  -4.4227278e+01  -4.6846498e+01  -4.9342566e+01  -5.0277985e+01  -4.9494536e+01  -4.9370738e+01  -4.9976660e+01
  -3.9712623e+01  -4.3206648e+01  -4.6229610e+01  -4.7901810e+01  -4.9146702e+01  -4.9365096e+01  -4.9302169e+01  -4.9461647e+01
  -2.3762795e+01  -2.5178115e+01  -2.8454402e+01  -3.2614898e+01  -3.7571250e+01  -3.9334077e+01  -4.0189557e+01  -4.0879739e+01
  -2.8068662e+01  -3.3392025e+01  -3.8819026e+01  -4.0267622e+01  -4.0931214e+01  -4.0864428e+01  -4.0865668e+01  -4.0774785e+01
  -2.8361571e+01  -3.4265041e+01  -3.5645186e+01  -3.6182670e+01  -3.6383138e+01  -3.6487490e+01  -3.6025734e+01  -3.5838759e+01
  -2.9801356e+01  -3.6278156e+01  -3.7493155e+01  -3.7962962e+01  -3.8261075e+01  -3.8087149e+01  -3.7377624e+01  -3.7300479e+01
   6.3113654e+00   5.1649600e+00   3.0390053e+00   1.6963635e+00   4.5665187e-01   9.0891485e-01   1.9573457e+00   8.0739681e-01
   4.8360539e+00   5.0171350e+00   3.7798908e+00   2.8976075e+00   1.1587511e+00   1.9285527e+00   1.5343407e+00  -1.3781533e+00
   5.3601694e+00   4.2606697e+00   2.5643126e+00   1.3963800e+00   2.8133324e-01   5.7531474e-02   5.0557913e-02  -2.0225144e+00
   6.3172893e+00   5.9729495e+00   5.0723472e+00   6.2034915e+00   2.8237180e+00   4.1324819e-01   1.1911877e+00   1.3392378e+00
   5.0698263e+00   5.1131687e+00   1.8422922e+00   1.5966813e+00  -1.3445204e-01  -5.6655188e-01  -2.8098425e+00  -6.1559361e-01
   6.0908469e+00   2.3901448e+00  -1.4794161e+00  -1.5735555e+00  -9.8093164e-01  -9.2749461e-01  -3.8333837e-01   1.3552671e+00
   5.6895543e+00   1.9400774e+00  -1.3077391e+00  -9.7026032e-01   2.6626519e-01  -1.7333469e+00  -1.0176938e-01   1.5796295e+00
  -4.4767420e+00  -4.1978992e+00  -3.8978106e+00  -1.1227019e+00   1.1998099e+00   4.2586206e+00   2.1279379e+00  -3.1349484e-01
  -5.7156842e+00  -5.6599079e+00  -5.1290961e+00  -4.2840183e+00  -1.5971783e+00   2.4285735e+00   1.2259427e+00  -3.4714271e-01
  -4.8633886e+00  -5.4504531e+00  -1.3163148e+00  -1.6906043e+00  -3.0346154e-01   1.2657978e+00   1.0774336e-02  -1.6714619e+00
  -6.2819139e+00  -7.0220137e+00  -5.3281377e+00  -4.0568383e+00  -1.9214535e+00  -5.6218713e-01   1.5913816e-01   2.9388615e-01
  -7.1577201e+00  -5.8532774e+00  -2.6962500e+00  -3.0889122e+00  -1.1652988e+00   1.5566911e+00   1.6176626e+00   2.5927964e+00
  -3.5033949e+00  -3.7755831e+00  -1.4445656e+00  -1.8258364e+00  -8.5361283e-01   7.4801561e-01   1.3008382e+00  -8.4131051e-02
  -3.9501290e+00  -2.0675938e+00  -1.4572523e+00  -2.8059803e+00  -6.6750591e-01   1.2197502e+00   4.8626721e-01  -8.3092792e-01
  -5.7276987e+01  -6.3641434e+01  -6.5203055e+01  -6.5784926e+01  -6.5867162e+01  -6.5806903e+01  -6.9056901e+01  -6.9587388e+01
  -5.6701194e+01  -6.1752364e+01  -6.4077680e+01  -6.4862597e+01  -6.6019141e+01  -6.6179622e+01  -6.7132268e+01  -6.7339384e+01
  -5.4657229e+01  -6.0234200e+01  -6.2906101e+01  -6.3576864e+01  -6.4714894e+01  -6.5191384e+01  -6.5934431e+01  -6.4837651e+01
  -4.7900362e+01  -4.8606914e+01  -4.7163159e+01  -4.8282581e+01  -5.3224113e+01  -5.5790859e+01  -5.7547270e+01  -5.6480519e+01
  -4.5021293e+01  -4.8422908e+01  -5.3293148e+01  -5.6749621e+01  -5.6343767e+01  -5.6262685e+01  -5.5420595e+01  -5.6619554e+01
  -4.0965483e+01  -5.0225123e+01  -5.0452985e+01  -5.1259141e+01  -5.2196395e+01  -5.1785553e+01  -5.0955507e+01  -5.3795131e+01
  -4.3063134e+01  -5.2213181e+01  -5.2187996e+01  -5.3173364e+01  -5.4285147e+01  -5.2946182e+01  -5.1859222e+01  -5.4629165e+01
  -5.7063193e+01  -6.2502738e+01  -6.5643745e+01  -6.6761553e+01  -6.7095932e+01  -6.5087979e+01  -6.2448400e+01  -6.5099360e+01
  -5.6413513e+01  -6.1594910e+01  -6.3823814e+01  -6.6162498e+01  -6.6056738e+01  -6.4575070e+01  -6.3424993e+01  -6.6275859e+01
  -5.4911740e+01  -5.9888661e+01  -6.2075144e+01  -6.4369092e+01  -6.5673306e+01  -6.5405366e+01  -6.3748609e+01  -6.5112836e+01
  -4.4413175e+01  -4.4663001e+01  -4.6562928e+01  -4.9066080e+01  -5.2541627e+01  -5.4458817e+01  -5.5722414e+01  -5.7302180e+01
  -4.2831804e+01  -4.9025477e+01  -5.4689298e+01  -5.6852343e+01  -5.8179898e+01  -5.6977921e+01  -5.5395041e+01  -5.5761389e+01
  -4.2101879e+01  -4.9391216e+01  -5.1956714e+01  -5.2681307e+01  -5.2722035e+01  -5.3785024e+01  -5.3053306e+01  -5.2303797e+01
  -4.3417949e+01  -5.0719965e+01  -5.3432376e+01  -5.5008648e+01  -5.5197260e+01  -5.5055535e+01  -5.4357931e+01  -5.3928748e+01
