   8.5597634e+00   5.0784767e+00   1.9673650e+00   3.6677949e+00   1.5205929e+00   5.3926234e-01   1.2379741e+00   1.6786871e+00
   6.5525208e+00   3.4127362e+00   1.9181012e+00   2.2255101e+00   1.2931237e+00  -9.5768938e-02  -6.9781481e-01  -7.9419961e-01
   5.6438507e+00   8.1936889e-01   1.1433331e+00   2.5596193e+00   2.4833546e+00   2.4019433e+00   3.4247717e+00   4.7438765e+00
   6.1285576e+00   3.7823313e+00   3.4077690e+00   2.2457902e+00   1.4684135e+00   8.7626988e-01   4.0010117e+00   4.2130811e+00
   6.7594839e+00   5.3058336e+00   1.3338567e+00   9.3587319e-01   1.2390354e+00   5.7326243e-01  -1.4556421e+00   1.3983223e+00
   5.8280507e-01   2.0237310e+00   3.8261954e+00   7.7463273e-01  -7.0417677e-02  -7.1059918e-01  -7.1087656e-01  -1.0570002e+00
   1.8088782e+00   2.5928591e+00   4.2810766e+00   2.6219621e+00   1.4886321e+00  -1.1177261e+00  -1.1731314e+00   5.2213997e-01
  -6.8017372e+00  -5.4976587e+00  -2.0981546e+00  -5.4511039e-01  -2.7763865e+00  -2.5755928e+00  -1.3637424e+00  -3.9402753e-02
  -6.0705551e+00  -4.5790878e+00  -2.0750148e+00  -7.3680671e-01  -3.2066505e+00  -1.6485041e+00  -1.3868870e+00   4.2895914e-01
  -3.3035071e+00  -3.2830325e+00  -6.1275709e-01  -6.7579548e-01  -3.0378742e+00  -2.4137193e+00  -1.2348379e+00  -3.0278475e+00
  -7.5485293e+00  -4.5531689e+00  -3.7664900e+00  -6.5584070e-01  -7.6654383e-01  -3.3017646e+00  -2.8804508e+00  -1.1673889e+00
  -4.7088922e+00  -3.9420565e+00  -3.0613654e-01  -2.3936454e+00  -1.7366001e+00  -8.9339056e-01   6.4735340e-01  -1.0831309e+00
  -4.8025106e+00   2.8642876e-01  -4.0893480e-01  -1.0310488e+00  -1.6368634e+00  -2.7939768e+00  -1.4009655e+00  -8.9638328e-01
  -4.1234390e+00   3.2103819e+00   1.1796288e+00  -1.4430575e+00  -2.3942377e+00  -3.0686979e+00  -2.3068304e+00  -1.6508191e+00
   6.4668068e-02   2.3046362e-01   2.2317256e-02   4.3605245e-01   7.7782847e-01   9.4208957e-01   1.1601211e+00   8.6551369e-01
   4.2377896e-02   4.1732075e-02  -2.7337719e-01   5.2650754e-01   8.9828521e-01   9.9342802e-01   9.5073360e-01   4.3140835e-01
  -4.9373584e-03   3.0457571e-01   3.5878581e-03   5.2033481e-01   2.8684593e-01  -6.1365100e-02   4.6886397e-01  -1.4352413e-01
   1.7363811e-02   5.8364783e-02  -3.6897306e-02  -3.6685047e-01  -6.0374548e-01  -1.3311537e-01  -1.2535463e-01  -5.1609090e-01
  -8.8530810e-02  -1.3005592e-01  -4.7451988e-01   2.2127726e-01   2.2098958e-01   1.6208308e-01   1.8142478e-01  -3.4461934e-01
   7.6404981e-02   4.1164966e-01   4.6872151e-01   7.1453345e-02   1.7450902e-01   5.2045542e-01   3.6292813e-01   8.6936394e-01
   3.3326822e-01   1.0253213e+00   5.8764926e-01  -1.3588847e-01   3.7000264e-01   8.5315481e-01   5.7361120e-01   5.5726460e-01
   2.0711422e-02   2.0711422e-02   3.9324045e-01   2.0697594e-01   5.7950497e-01   5.7950497e-01   9.5203400e-01   9.5203400e-01
   2.0711422e-02   2.0711422e-02   2.0711422e-02   2.0697594e-01   3.9324045e-01   3.9324045e-01   3.9324045e-01   2.0697594e-01
   2.0711422e-02   2.0697594e-01   2.0711422e-02   2.0697594e-01   2.0697594e-01  -1.6555309e-01   2.0711422e-02  -1.6555309e-01
  -1.6555309e-01   2.0711422e-02   2.0711422e-02  -1.6555309e-01   2.0711422e-02   2.0697594e-01   2.0711422e-02  -3.5181761e-01
  -1.6555309e-01   2.0711422e-02   2.0711422e-02   7.6576948e-01   3.9324045e-01   2.0697594e-01   1.3245630e+00  -3.5181761e-01
   2.0711422e-02   5.7950497e-01   7.6576948e-01   2.0711422e-02   3.9324045e-01   1.3245630e+00   1.1382985e+00   1.5108275e+00
   2.0697594e-01   1.3245630e+00   1.1382985e+00  -3.5181761e-01   3.9324045e-01   1.3245630e+00   7.6576948e-01   7.6576948e-01
  -4.4300940e+01  -4.8054811e+01  -5.0666547e+01  -5.1886468e+01  -5.2349993e+01  -5.2225588e+01  -5.2251449e+01  -5.1729703e+01
  -4.2199870e+01  -4.5817191e+01  -4.7982717e+01  -4.8737522e+01  -4.9142969e+01  -4.9216692e+01  -4.9425744e+01  -4.9358026e+01
  -4.0784939e+01  -4.3893334e+01  -4.5175217e+01  -4.5898153e+01  -4.6239437e+01  -4.5774864e+01  -4.5463279e+01  -4.4994432e+01
  -3.0311957e+01  -3.2848666e+01  -3.5554302e+01  -3.8646836e+01  -3.9934306e+01  -4.0260615e+01  -4.0694347e+01  -4.1138057e+01
  -3.1269202e+01  -3.6803497e+01  -3.9871893e+01  -4.0615026e+01  -4.0352443e+01  -3.9320304e+01  -3.9172438e+01  -3.7468636e+01
  -3.3765386e+01  -3.7279968e+01  -3.8283369e+01  -3.9147718e+01  -3.9517558e+01  -3.9351234e+01  -3.8344459e+01  -3.6993249e+01
  -3.5654286e+01  -3.8228225e+01  -3.9183103e+01  -4.0642959e+01  -4.1685352e+01  -4.2289086e+01  -4.2297357e+01  -4.2050108e+01
   4.4304011e+00   4.6368191e+00   1.7159515e+00   6.6125979e-01  -9.5528457e-01  -7.4689241e-01  -4.2586387e-02  -1.3754946e+00
   4.7929827e+00   4.0740496e+00   1.3584163e+00   1.2839748e+00   2.9618043e-01   3.1768338e-01   1.1395423e+00  -1.0775839e+00
   5.2902391e+00   5.2506299e+00   2.6105547e+00   1.3107235e+00   3.9481817e-01   6.8721209e-01   2.6130565e+00  -7.3736191e-01
   5.3505542e+00   6.8465984e+00   4.8370888e+00   3.3814104e+00   2.0968029e+00  -3.6941001e-01  -4.3536444e-01  -6.8816382e-01
   3.6991108e+00   1.9272900e+00  -3.5067005e-01   2.4120580e-01   1.1879587e+00   1.1550855e+00   8.6898514e-01   2.7647336e-01
   4.7292959e+00   2.0539256e+00   7.6370986e-01   1.4631779e+00   1.4626144e-01   1.1018723e+00   7.9080621e-01  -5.2611535e-01
   4.6391619e+00   2.4032989e+00   5.9008561e-01   1.3418772e+00   7.8249054e-02   8.7590976e-01   1.4068704e+00  -5.5826970e-01
  -2.7287229e+00  -1.8393130e+00  -2.3110917e+00  -2.2550356e+00  -2.4813861e+00  -1.7676322e+00   8.0543571e-01  -1.2262928e+00
  -3.1199638e+00  -2.1327955e+00  -1.9624307e+00  -2.8800171e+00  -1.7610490e+00  -1.4370885e+00   4.9625212e-01  -7.1693575e-01
  -5.1844902e+00  -3.1992995e+00  -2.1092468e+00  -1.7432486e+00  -2.6475627e+00  -5.8802172e-01   4.1451158e-02  -1.0853909e-01
  -1.3794230e+00  -3.3162967e+00  -4.6118861e+00  -4.0969349e+00  -2.4954295e+00   5.7670856e-01   1.6034313e+00   4.8849143e-01
  -2.5862863e+00  -2.0870857e+00  -9.0913240e-02   3.5397369e+00   1.3166311e+00   1.4153721e+00   1.9944231e+00   1.2152494e+00
  -2.1203969e+00  -2.7596797e+00  -1.8951487e+00   1.0798877e+00   1.5455979e+00   2.6516264e+00   2.0970367e+00  -1.3068908e+00
  -1.1193447e+00  -2.5760314e+00  -2.2431181e+00   5.9608962e-01   1.1114287e-01   7.0255647e-01   8.8264412e-01  -1.0860024e+00
  -6.0365717e+01  -6.4084361e+01  -6.6531663e+01  -6.8575314e+01  -6.8087187e+01  -6.7789474e+01  -6.8278938e+01  -6.7657541e+01
  -5.8090074e+01  -6.1753942e+01  -6.3379004e+01  -6.5273386e+01  -6.5285192e+01  -6.4432996e+01  -6.4520488e+01  -6.3674297e+01
  -5.7318327e+01  -5.8881355e+01  -6.0121160e+01  -6.1620519e+01  -6.2281608e+01  -6.1302911e+01  -6.2182968e+01  -6.1974135e+01
  -4.5071557e+01  -4.7933353e+01  -5.0408176e+01  -5.3281394e+01  -5.5063675e+01  -5.5853486e+01  -5.8513434e+01  -5.8376539e+01
  -4.5371295e+01  -5.1215900e+01  -5.4769419e+01  -5.6270405e+01  -5.6709287e+01  -5.6347527e+01  -5.6417722e+01  -5.3798142e+01
  -4.6624789e+01  -5.2935731e+01  -5.5567321e+01  -5.5526798e+01  -5.4980967e+01  -5.5772561e+01  -5.4489520e+01  -5.1977692e+01
  -4.9785976e+01  -5.4633119e+01  -5.6830526e+01  -5.7389954e+01  -5.7505594e+01  -5.8231921e+01  -5.8303692e+01  -5.8113285e+01
  -5.8963154e+01  -6.1880991e+01  -6.3559425e+01  -6.6392239e+01  -6.8619677e+01  -6.8912951e+01  -6.8383221e+01  -6.8584070e+01
  -5.6316592e+01  -5.9317745e+01  -6.1828466e+01  -6.4746991e+01  -6.5796050e+01  -6.5808500e+01  -6.6184776e+01  -6.6780216e+01
  -5.5265211e+01  -5.8792881e+01  -6.0173609e+01  -6.0969897e+01  -6.2210115e+01  -6.1894252e+01  -6.2006426e+01  -6.2104668e+01
  -4.3987908e+01  -4.6679056e+01  -4.9740971e+01  -5.3425860e+01  -5.3798632e+01  -5.4439958e+01  -5.6380198e+01  -5.6985335e+01
  -4.5282695e+01  -5.0968446e+01  -5.3093939e+01  -5.3628398e+01  -5.4848747e+01  -5.4967393e+01  -5.4091443e+01  -5.4873069e+01
  -4.7461163e+01  -5.1114267e+01  -5.2584342e+01  -5.4369968e+01  -5.5007469e+01  -5.4367109e+01  -5.3583329e+01  -5.5621272e+01
  -4.8788566e+01  -5.1213062e+01  -5.3846142e+01  -5.7139701e+01  -5.8646782e+01  -5.8933351e+01  -5.8549974e+01  -5.9520850e+01
