   1.1121220e+01   1.0656987e+01   5.9084094e+00   8.0400082e+00   6.4309326e+00   3.9099617e+00   5.3136937e-01   3.7672664e+00
   1.3419476e+01   9.3209965e+00   4.8214438e+00   6.4392805e+00   6.1505604e+00   2.0100840e+00  -8.5455789e-01   3.5209720e+00
   9.9270122e+00   8.6787244e+00   9.5348684e+00   8.4319354e+00   9.4735948e+00   3.0861179e+00  -1.4517021e+00   3.6776489e+00
   9.5130380e+00   1.1455255e+01   1.1950974e+01   7.9964060e+00   9.4330664e+00   9.4730322e+00   6.0615145e+00   8.4097624e+00
   1.0164461e+01   8.9047247e+00   1.1341999e+01   8.7783175e+00   4.3212706e+00   6.1842776e+00   2.8368856e+00   6.2658812e-01
   6.5017227e+00   1.1037029e+01   9.7103577e+00   6.4276280e+00   7.1992671e+00   4.5946587e+00   4.1159189e+00   6.5996733e-01
   5.0992743e+00   7.7531965e+00   1.1997160e+01   6.5389176e+00   5.6769100e+00   3.2088343e+00   1.8833030e+00   6.2518809e-01
  -5.4941930e+00  -8.1756986e+00  -1.0808862e+01  -9.3367353e+00  -4.8763778e+00  -4.7700113e+00  -3.0915581e+00  -3.5346751e+00
  -6.8028218e+00  -7.7964401e+00  -8.5418802e+00  -7.8399441e+00  -3.8202332e+00  -3.5636713e+00  -2.5721589e+00  -3.8848296e+00
  -9.4487548e+00  -8.7270502e+00  -8.5426838e+00  -6.8733479e+00  -9.0542032e+00  -7.7499636e+00  -7.1743629e+00  -7.5737301e+00
  -8.1038008e+00  -7.2396019e+00  -1.0631837e+01  -7.1667581e+00  -9.4462116e+00  -9.1939133e+00  -6.9938505e+00  -7.1217125e+00
  -1.0798980e+01  -5.5228475e+00  -7.9086351e+00  -7.4052615e+00  -5.1438559e+00  -3.5779369e+00  -8.2920626e-01  -6.8279172e-01
  -6.9417201e+00  -2.1252757e+00  -7.3186368e+00  -7.6244283e+00  -8.7231233e+00  -3.5606260e+00  -3.2544784e-01  -1.0629784e+00
  -7.6479580e+00  -1.1049625e+00  -6.0365267e+00  -6.4091267e+00  -8.6669615e+00  -4.6988944e+00  -4.3472564e-01   3.2940428e-01
   3.0434805e-01   9.0283994e-01   1.4433619e+00   2.3806960e+00   4.1458886e+00   3.9340974e+00   3.8740702e+00   4.2463254e+00
   2.9802977e-01   1.1396959e+00   2.3681908e+00   3.5882802e+00   5.0923887e+00   4.2626402e+00   3.7928631e+00   3.9826963e+00
   4.2275560e-03   1.4632395e-01   7.6257168e-01   1.2882432e+00   1.8004584e+00   1.7130120e+00   2.0043412e+00   2.6634889e+00
  -3.1344175e-02   1.5351971e-02   9.9786617e-02   2.5139397e-02   4.1272471e-02  -3.8708390e-02  -1.4733105e-01   4.7435793e-02
   3.7532204e-02   5.8626732e-02   1.4152152e-01  -9.8448847e-02   6.5788574e-02   7.1921304e-01   3.9834408e-01   6.5148339e-01
   5.5930518e-02   5.2327475e-01   1.4481321e-01   8.3422045e-02  -7.6985430e-03   3.8376141e-01   1.5083207e+00   1.3794085e+00
   1.3444998e-02   6.6159122e-01  -2.0959295e-01  -1.2984833e-01  -2.8517688e-02   8.8558692e-01   2.2467095e+00   1.7160419e+00
   1.5838146e-02   1.5838146e-02   2.0210266e-01   2.0210266e-01   1.8784833e+00   1.3196898e+00   2.4372768e+00   5.0449800e+00
   1.5838146e-02   1.5838146e-02   3.8836718e-01   9.4716072e-01   5.9763026e+00   3.1823349e+00   2.6235414e+00   3.7411284e+00
   2.0210266e-01   2.0210266e-01   1.5838146e-02   1.5838146e-02   2.0210266e-01   2.0210266e-01   3.8836718e-01   7.6089621e-01
   1.5838146e-02   1.5838146e-02   1.5838146e-02   1.5838146e-02   1.5838146e-02   1.5838146e-02  -1.7042637e-01   1.5838146e-02
   1.5838146e-02  -1.7042637e-01  -1.7042637e-01   1.5838146e-02   1.5838146e-02   2.0210266e-01  -1.7042637e-01   1.5838146e-02
   1.5838146e-02   1.5838146e-02   1.5838146e-02   1.5838146e-02  -1.7042637e-01  -3.5669088e-01   1.3196898e+00   1.6922188e+00
   1.5838146e-02  -1.7042637e-01   1.5838146e-02   1.5838146e-02  -1.7042637e-01   1.5838146e-02   2.9960704e+00   2.8098059e+00
  -3.5073049e+01  -3.9395816e+01  -4.3273294e+01  -4.4703729e+01  -4.4959823e+01  -4.5211064e+01  -4.5815595e+01  -4.6224812e+01
  -3.2689191e+01  -3.7553719e+01  -4.1849528e+01  -4.2782089e+01  -4.2013534e+01  -4.1971556e+01  -4.2093960e+01  -4.2544399e+01
  -2.9403150e+01  -3.5310917e+01  -3.8727162e+01  -3.9698920e+01  -4.0266512e+01  -4.1025935e+01  -4.1643148e+01  -4.2678339e+01
  -2.5130387e+01  -2.7473271e+01  -2.8542012e+01  -3.0892296e+01  -3.3066195e+01  -3.5737647e+01  -3.9559699e+01  -4.1886980e+01
  -2.1478548e+01  -2.7616962e+01  -3.6112396e+01  -4.0197943e+01  -4.2156561e+01  -4.2726021e+01  -4.3309379e+01  -4.3081796e+01
  -2.2048817e+01  -3.2946666e+01  -3.7093337e+01  -3.7712207e+01  -3.8356876e+01  -3.9920903e+01  -4.0420397e+01  -4.0829364e+01
  -2.3189048e+01  -3.4966907e+01  -3.7981840e+01  -3.8566612e+01  -3.9102700e+01  -4.1070970e+01  -4.1989950e+01  -4.2031041e+01
   2.6002238e+00   4.5876532e+00   4.7753289e+00   3.8931247e+00  -1.2027728e-01   1.2281674e+00   4.2971639e-01  -1.9929215e+00
   1.8017364e+00   5.6335904e+00   5.3862367e+00   3.0247533e+00  -2.4091255e+00   1.0246214e+00   6.4273823e-01  -2.2008503e+00
   5.5047495e+00   5.4102227e+00   3.2444388e+00   2.4528222e+00  -1.1754516e+00   4.3690273e-01   1.1437783e+00  -9.5180689e-01
   7.4977218e+00   5.8081397e+00   4.1972767e+00   5.6517828e+00   5.6619764e+00   6.1772643e+00   4.0349313e+00   2.0393616e+00
   8.4153593e+00   8.2062353e+00   5.8480265e+00   3.3592400e+00   1.1477590e+00  -1.3227436e+00  -9.0888223e-01  -3.1578871e-01
   3.7902930e+00   1.7177029e+00   2.9783907e-02   2.3696015e+00  -5.5991277e-02  -8.0974517e-01  -2.2491357e+00  -1.0070534e+00
   5.1337862e+00   2.4216066e+00  -5.9410415e-01   1.9310750e+00  -4.9864478e-01  -4.8559294e-01  -1.2812176e+00  -1.4483024e+00
  -5.9677434e+00  -5.6754501e+00  -3.7667711e+00  -2.3798747e+00  -2.6166802e+00  -3.2561355e-01   1.3620548e+00  -1.2294255e+00
  -5.4717783e+00  -4.9512458e+00  -3.8109209e+00  -1.5542630e+00  -1.3443860e+00   8.5936810e-01   2.2084879e+00  -9.3631047e-02
  -8.6212003e+00  -5.4644430e+00  -4.7625878e+00  -5.6442250e+00  -1.4152491e+00   1.0102876e+00   2.0974393e+00   1.0339030e+00
  -8.1382437e+00  -6.8673468e+00  -5.9359207e+00  -6.2808108e+00  -6.2975115e+00  -5.3036368e+00  -3.1984031e+00  -2.5840889e+00
  -6.8512676e+00  -6.7677058e+00  -3.8359470e+00  -3.3339556e+00  -2.0042412e+00  -2.2377894e+00  -8.1377765e-02  -7.4668278e-01
  -5.8775696e+00  -4.6354773e+00  -1.6728048e+00  -4.9402920e-01   8.6228851e-01  -6.4887464e-01  -1.9863156e+00  -1.9348745e+00
  -5.9265942e+00  -4.1793862e+00  -1.8551387e+00  -5.2653349e-01   2.0705245e+00   4.6334668e-01  -1.0451265e+00  -1.0244214e+00
  -5.1175282e+01  -5.5490083e+01  -5.8321596e+01  -6.0199446e+01  -6.2586371e+01  -6.0529136e+01  -5.9225984e+01  -6.2329547e+01
  -5.0126065e+01  -5.2636863e+01  -5.5828348e+01  -5.8915279e+01  -6.1326617e+01  -5.6359842e+01  -5.4614003e+01  -5.8525528e+01
  -4.5748916e+01  -5.2217500e+01  -5.5329430e+01  -5.5156320e+01  -5.7841084e+01  -5.4649970e+01  -5.3983579e+01  -5.8344691e+01
  -4.1440181e+01  -4.5761248e+01  -4.7065917e+01  -4.5102873e+01  -4.9315569e+01  -5.1262240e+01  -5.4372051e+01  -5.8149832e+01
  -3.6861315e+01  -4.0880490e+01  -5.0210845e+01  -5.5998338e+01  -5.8222075e+01  -6.0648176e+01  -5.8332995e+01  -5.6852830e+01
  -3.5656349e+01  -4.8430360e+01  -5.4247877e+01  -5.4471706e+01  -5.5155984e+01  -5.4482508e+01  -5.6367582e+01  -5.6314751e+01
  -3.5220089e+01  -4.9399356e+01  -5.6776878e+01  -5.5869571e+01  -5.6020276e+01  -5.5762544e+01  -5.7515257e+01  -5.7736114e+01
  -4.8356124e+01  -5.4727579e+01  -6.0898870e+01  -6.2165665e+01  -6.1810483e+01  -6.1720499e+01  -6.1000609e+01  -6.2359743e+01
  -4.6299750e+01  -5.2591175e+01  -5.8074883e+01  -6.0137000e+01  -5.8386174e+01  -5.7920203e+01  -5.6742818e+01  -5.8208672e+01
  -4.3849187e+01  -4.9368590e+01  -5.3594450e+01  -5.5252151e+01  -5.6262728e+01  -5.6069282e+01  -5.7011168e+01  -5.9269487e+01
  -4.1631512e+01  -4.3422423e+01  -4.5210858e+01  -4.5881667e+01  -4.9981892e+01  -5.1957244e+01  -5.5544057e+01  -5.8498614e+01
  -3.7416747e+01  -3.9862877e+01  -5.0808954e+01  -5.5810555e+01  -5.6853924e+01  -5.7123647e+01  -5.7033913e+01  -5.6967999e+01
  -3.5635246e+01  -4.4577952e+01  -5.2862941e+01  -5.3696960e+01  -5.7465638e+01  -5.6049330e+01  -5.5619411e+01  -5.6879559e+01
  -3.7396997e+01  -4.7840765e+01  -5.3576224e+01  -5.3511050e+01  -5.6991450e+01  -5.8436173e+01  -5.7721579e+01  -5.8067188e+01
