   9.8021483e+00   7.3080963e+00   1.1824025e+01   1.0193046e+01   8.0388830e+00   7.1488397e+00   4.4935632e+00   4.8129890e+00
   7.8089782e+00   7.1027819e+00   1.1786019e+01   1.1315630e+01   9.3325872e+00   9.6650413e+00   4.6952914e+00   3.4604268e+00
   2.3715039e+00   5.1034332e+00   1.4817306e+01   1.1469604e+01   1.1610626e+01   8.6882353e+00   1.0058757e+01   1.0121692e+01
   1.5038231e+01   1.4313411e+01   1.3710790e+01   8.2205820e+00   6.8845791e+00   8.2356484e+00   8.7064918e+00   6.8100695e+00
   9.5518731e+00   8.1384482e+00   1.3851411e+01   1.0742276e+01   1.0665903e+01   3.1373625e+00   8.4397001e-01  -2.5869022e-01
   1.0021451e+01   5.0690222e+00   9.7910429e+00   7.4462184e+00   6.6776746e+00   6.4822762e+00   1.2751143e+00   7.3094378e-01
   9.7393577e+00   5.4982630e+00   9.5394701e+00   6.5815214e+00   6.3829695e+00   6.3346835e+00   1.2080313e+00   8.6990112e-01
  -9.1694687e+00  -1.1860802e+01  -1.5351468e+01  -7.4197623e+00  -8.6762279e+00  -7.9594035e+00  -5.8591369e+00  -6.7494093e+00
  -1.0363435e+01  -1.1175021e+01  -1.3830984e+01  -6.6703930e+00  -7.4680780e+00  -6.9150113e+00  -4.8491179e+00  -6.9145135e+00
  -6.1321107e+00  -4.0624691e+00  -9.8962966e+00  -8.5129633e+00  -8.2257214e+00  -8.8979565e+00  -7.3995102e+00  -5.0961456e+00
  -1.0414414e+01  -1.0268143e+01  -1.3236815e+01  -9.7553282e+00  -1.1255251e+01  -1.2358171e+01  -6.2506067e+00  -5.4012443e+00
  -9.9572954e+00  -7.9380126e+00  -5.6834976e+00  -8.2452897e+00  -7.8481919e+00  -7.4619763e+00  -4.3655406e+00  -3.1844412e-01
  -5.2516546e+00  -6.8001470e+00  -7.6914017e+00  -6.6417673e+00  -5.2695878e+00  -3.5843781e+00  -1.4034097e+00  -7.1478485e-01
  -5.4750072e+00  -6.6193106e+00  -7.4827998e+00  -6.3676149e+00  -5.0769268e+00  -4.1484538e+00  -1.8721800e+00  -1.3391526e+00
  -1.1416587e-02  -1.3399087e-02   5.6567941e-02   9.0439561e-02   1.4065534e-01   9.6722573e-02   4.3837139e-01   9.1658706e-01
   6.6506877e-02   2.6480707e-02   8.8567541e-02   8.4759858e-02   1.4266363e-01   1.6982049e-01   6.1511831e-01   1.0710875e+00
   1.1271610e-01   1.2027665e-01   1.0700955e-01   1.3613440e-01   1.7293586e-01   2.2026807e-01   3.7928556e-01   3.4680806e-01
  -5.6388059e-02   7.9761130e-03   5.7021019e-02   1.6777106e-01   8.9001151e-02  -9.6134712e-02   3.8892155e-02   2.4679384e-01
   4.0892426e-02   6.1807751e-02   1.0029362e-01   2.9271416e-01   4.4388435e-01   1.2099997e-01   5.4666203e-01   9.9543241e-01
   7.5807758e-02   2.3848315e-01   4.3769659e-01   3.6155047e-01   3.9218577e-01   6.0608953e-01   1.3022502e+00   1.2748084e+00
   7.2148287e-02   2.1663091e-01   4.7694481e-01   5.1145261e-01   6.0182979e-01   7.2278036e-01   1.3626570e+00   1.2426734e+00
   1.5838146e-02   1.5838146e-02   1.5838146e-02   1.5838146e-02   1.5838146e-02   1.5838146e-02   3.8836718e-01   2.0210266e-01
   1.5838146e-02   1.5838146e-02   1.5838146e-02   1.5838146e-02   1.5838146e-02   1.5838146e-02   2.0210266e-01   2.0210266e-01
   2.0210266e-01   1.5838146e-02   1.5838146e-02   1.5838146e-02   1.5838146e-02   1.5838146e-02   2.0210266e-01   1.5838146e-02
   1.5838146e-02   1.5838146e-02   1.5838146e-02   2.0210266e-01   1.5838146e-02  -1.7042637e-01   1.5838146e-02   1.5838146e-02
   1.5838146e-02   1.5838146e-02  -1.7042637e-01   1.5838146e-02   2.0210266e-01   2.0210266e-01   2.0210266e-01   2.0210266e-01
   1.5838146e-02   2.0210266e-01   1.5838146e-02   1.5838146e-02  -1.7042637e-01  -1.7042637e-01   7.6089621e-01   1.1334252e+00
   1.5838146e-02   2.0210266e-01   2.0210266e-01   1.5838146e-02   1.5838146e-02   1.5838146e-02   7.6089621e-01   1.1334252e+00
  -3.5815024e+01  -4.0266892e+01  -4.2692522e+01  -4.5571556e+01  -4.9939261e+01  -5.3680032e+01  -5.5684835e+01  -5.6272614e+01
  -3.4019047e+01  -3.8932147e+01  -4.2149863e+01  -4.4737824e+01  -4.8817511e+01  -5.2223486e+01  -5.4771224e+01  -5.5683143e+01
  -3.1465818e+01  -3.7912487e+01  -4.0857229e+01  -4.3124738e+01  -4.5015716e+01  -4.6340430e+01  -4.8126867e+01  -4.9019483e+01
  -2.1326358e+01  -2.3490695e+01  -2.5916257e+01  -2.9370842e+01  -3.3758972e+01  -3.7954632e+01  -4.2368924e+01  -4.2966472e+01
  -2.0562780e+01  -2.5324185e+01  -3.3935547e+01  -3.8172882e+01  -4.2394349e+01  -4.4062909e+01  -4.5154778e+01  -4.6613018e+01
  -2.2074809e+01  -3.2482927e+01  -3.7546696e+01  -3.9830123e+01  -4.1377139e+01  -4.2451104e+01  -4.3412386e+01  -4.3650075e+01
  -2.3210754e+01  -3.3663706e+01  -3.8679125e+01  -4.1353690e+01  -4.2964492e+01  -4.3988096e+01  -4.4849742e+01  -4.4922933e+01
   5.2438572e+00   7.4176172e+00   6.1977087e+00   5.8269776e+00   4.5769393e+00   4.5976829e+00   2.3435431e+00   2.4336426e+00
   6.1734864e+00   6.1922421e+00   4.4693208e+00   4.9671602e+00   4.3524855e+00   3.3727581e+00   1.1511512e+00   9.0326147e-01
   1.0104565e+01   6.9899157e+00   4.3036024e+00   6.2226878e+00   5.0455994e+00   5.4065521e+00   2.2484577e+00   1.4640773e+00
   7.3970885e+00   6.2675936e+00   5.6950858e+00   6.8215589e+00   7.2297368e+00   7.7166030e+00   4.4356714e+00   4.1500950e+00
   8.7531127e+00   8.3053225e+00   4.3592254e+00   5.4216921e+00   1.4714560e+00   1.6383486e+00   6.3395662e-01   4.6670677e-01
   8.4168046e+00   8.4340444e+00   3.4736246e+00   3.8355704e+00   2.1591837e+00   4.4782643e-01   6.7857291e-01   1.5413524e+00
   8.2364206e+00   8.3442346e+00   3.3921752e+00   3.7868146e+00   1.8502122e+00  -1.2789144e-01   4.2294001e-01   1.5643104e+00
  -3.5711440e+00  -6.7134022e+00  -4.7044412e+00  -6.7147819e+00  -6.2210676e+00  -3.8090083e+00  -4.1684650e+00  -3.1208354e+00
  -3.0974790e+00  -5.9527226e+00  -4.8735159e+00  -6.2002710e+00  -5.5144597e+00  -4.0276361e+00  -4.0037696e+00  -1.9346798e+00
  -6.9174960e+00  -5.9354942e+00  -4.3432340e+00  -6.3545692e+00  -5.6943399e+00  -5.3639760e+00  -5.8682250e+00  -5.3818297e+00
  -6.2146617e+00  -9.5164832e+00  -8.2403243e+00  -7.4424712e+00  -6.1563047e+00  -4.1699189e+00  -4.7522312e+00  -4.1505785e+00
  -8.5011740e+00  -7.9102018e+00  -7.7587514e+00  -5.8585662e+00  -3.2872484e+00  -3.1042050e+00  -2.7575056e+00  -3.3580618e+00
  -6.1478901e+00  -6.5154162e+00  -5.0063516e+00  -3.9962043e+00  -2.5991653e+00  -1.9610053e+00  -1.8880212e+00  -8.2848183e-01
  -6.0958483e+00  -6.6609502e+00  -5.7812549e+00  -4.0315383e+00  -2.1739755e+00  -1.0490173e+00  -1.3277194e+00  -6.4827649e-01
  -5.0396565e+01  -5.3760957e+01  -6.0423928e+01  -6.1932490e+01  -6.6290306e+01  -6.7808539e+01  -7.0602219e+01  -7.1346232e+01
  -4.7782708e+01  -5.2410161e+01  -6.0277428e+01  -6.1674637e+01  -6.5939096e+01  -6.8042985e+01  -7.0169074e+01  -7.1236633e+01
  -4.2677555e+01  -4.9824832e+01  -5.8233100e+01  -6.0531517e+01  -6.2842528e+01  -6.3673742e+01  -6.6297670e+01  -6.6822548e+01
  -4.1022300e+01  -4.3854810e+01  -4.5504323e+01  -4.5342668e+01  -4.8658936e+01  -5.0897505e+01  -5.6836346e+01  -5.7917309e+01
  -3.6346712e+01  -3.9258312e+01  -5.0483033e+01  -5.5360551e+01  -6.0087435e+01  -6.0387971e+01  -6.0990121e+01  -6.0446572e+01
  -3.6683841e+01  -4.6124582e+01  -5.4746704e+01  -5.5908487e+01  -5.6103187e+01  -5.6891283e+01  -5.8366878e+01  -5.9009793e+01
  -3.7490502e+01  -4.7239230e+01  -5.5982295e+01  -5.6450168e+01  -5.7684026e+01  -5.8777164e+01  -5.9970853e+01  -6.0797572e+01
  -5.0955732e+01  -5.6932316e+01  -6.1599759e+01  -5.9563155e+01  -6.4896699e+01  -6.8459164e+01  -6.9275884e+01  -7.2048615e+01
  -4.8597978e+01  -5.4675637e+01  -5.9784710e+01  -5.8535989e+01  -6.4181163e+01  -6.7010346e+01  -6.8594854e+01  -7.1674646e+01
  -4.3243592e+01  -4.8538415e+01  -5.6310670e+01  -5.7894263e+01  -5.9568643e+01  -6.1699908e+01  -6.2550719e+01  -6.3582589e+01
  -4.0045988e+01  -4.1383359e+01  -4.4607558e+01  -4.3512176e+01  -4.8915175e+01  -5.4946916e+01  -5.6059479e+01  -5.8437605e+01
  -3.5995051e+01  -3.8621873e+01  -4.7109453e+01  -5.3268520e+01  -5.8279098e+01  -5.9996595e+01  -5.9870692e+01  -6.0892596e+01
  -3.4058517e+01  -4.4434059e+01  -5.1831129e+01  -5.5175756e+01  -5.7627415e+01  -5.7920503e+01  -5.8156090e+01  -5.8468051e+01
  -3.5304813e+01  -4.6024764e+01  -5.2363815e+01  -5.6208639e+01  -5.9039031e+01  -5.9548216e+01  -5.9695948e+01  -5.9734462e+01
