   1.1613012e+01   9.0776423e+00   7.5466173e+00   7.3853500e+00   3.2072519e+00   2.9158813e+00   3.0210578e+00   1.4806937e+00
   1.4904622e+01   1.0542724e+01   1.0016061e+01   7.7919396e+00   2.8704819e+00   2.0880877e+00   7.2737282e-01  -6.3707229e-02
   7.4042786e+00   6.4665659e+00   4.0293083e+00   6.3334010e+00   3.4988478e+00   3.5173684e+00   3.3419241e+00  -9.4469364e-03
   1.5614054e+01   1.6985638e+01   1.4770144e+01   9.1123996e+00   7.8819174e+00   6.0148925e+00   2.7438379e+00   1.9450845e+00
   6.4991350e+00   5.2289918e+00   7.8582131e+00   4.3937698e+00  -1.3737516e+00   6.9219533e-01  -1.4097964e+00  -2.4872871e+00
   7.1214859e+00   8.0387358e+00   6.6760290e+00   6.2164314e-01   2.9789401e-01   2.4447766e-01  -6.2374568e-01  -1.1075073e+00
   5.3449736e+00   7.3056780e+00   6.3290849e+00   7.3716912e-02  -1.1908086e-01   1.1083265e+00  -1.4035425e-01  -7.8211429e-01
  -7.9074700e+00  -9.3198936e+00  -9.7776184e+00  -5.1738635e+00  -5.4078307e+00  -9.0310692e-01  -2.6778890e+00  -3.1704655e+00
  -7.7544927e+00  -6.6500250e+00  -8.8609355e+00  -6.4465350e+00  -6.4954657e+00  -1.9107200e+00  -7.6124454e-01  -1.7155945e+00
  -7.1119709e+00  -5.6265087e+00  -2.5699738e+00  -7.4363696e-01  -3.0137619e+00  -3.9428930e+00  -3.3720486e+00  -6.3142653e+00
  -1.4638333e+01  -6.7600966e+00  -9.1198070e+00  -7.6800431e+00  -8.4274134e+00  -5.0483428e+00  -2.2763964e+00  -6.0212660e+00
  -7.8003007e+00  -6.1307430e+00  -6.5485846e+00  -4.9089516e+00  -3.7143266e+00   4.5893734e-01   6.0992332e-01   1.5666023e-01
  -7.7287081e+00  -9.0177154e+00  -6.9793996e+00  -2.3547738e+00  -6.2425551e-01  -1.1464042e+00  -1.0445948e-01  -1.0851641e+00
  -6.3931737e+00  -8.7330729e+00  -7.2069889e+00  -3.1246646e+00  -2.0109202e+00  -1.8766376e+00   9.9779748e-01  -2.3808732e-01
   1.2816807e-01   1.9647301e-01   8.2529597e-02   1.5697580e-01   4.9852901e-01   7.0003713e-01   4.7990694e-01   3.6845535e-01
  -9.4038577e-03   8.4167769e-02   9.2299229e-02   7.5988539e-02  -3.1386450e-02   4.9432825e-01   3.6123305e-01  -1.7150362e-01
  -5.8469739e-02  -2.8817364e-02  -6.0887254e-02  -1.1557959e-01   4.0401553e-02  -1.3811834e-01  -1.6341867e-01  -1.8126697e-01
   4.8511598e-02   1.8326918e-02  -1.3775305e-02  -1.4578340e-01  -7.2593966e-02   3.2539205e-01   9.1411914e-01   5.8615269e-01
   1.9433216e-01  -1.5186726e-01  -1.1617969e-01   2.1034367e-01  -2.5367653e-01  -1.7779373e-02  -4.1419316e-01   3.8484779e-01
   1.1213572e-01  -2.2599341e-01  -9.6045453e-01  -3.5799361e-01   3.9585819e-01   2.1372472e-01  -6.5150483e-02   7.9562199e-01
   2.0686382e-01   6.6818894e-03  -3.3264468e-01  -4.0564943e-02   7.5669147e-01   7.8155387e-01   1.6083730e-01   7.1567395e-01
   2.0711422e-02   2.0711422e-02   2.0711422e-02   2.0711422e-02   2.0711422e-02   2.0711422e-02   2.0697594e-01   2.0711422e-02
   2.0711422e-02   2.0711422e-02   2.0711422e-02   2.0711422e-02   2.0711422e-02   2.0711422e-02   3.9324045e-01  -5.3808212e-01
   2.0711422e-02   2.0711422e-02   2.0697594e-01  -1.6555309e-01  -1.6555309e-01  -3.5181761e-01  -1.6555309e-01   2.0711422e-02
   2.0711422e-02   2.0711422e-02   2.0711422e-02  -1.6555309e-01  -1.6555309e-01   2.0711422e-02   5.7950497e-01   2.0697594e-01
   2.0697594e-01   2.0697594e-01   2.0711422e-02   2.0697594e-01   3.9324045e-01   3.9324045e-01  -9.1061115e-01   5.7950497e-01
   2.0711422e-02   2.0711422e-02  -3.5181761e-01   2.0711422e-02   2.0711422e-02   2.0711422e-02   2.0711422e-02   1.3245630e+00
   2.0697594e-01   2.0711422e-02   2.0711422e-02   3.9324045e-01   2.0697594e-01   5.7950497e-01   7.6576948e-01   1.3245630e+00
  -4.3156762e+01  -4.5804039e+01  -4.6741870e+01  -4.8720515e+01  -5.0431233e+01  -5.1055991e+01  -5.1323671e+01  -5.1120148e+01
  -4.0267557e+01  -4.2364642e+01  -4.3111410e+01  -4.5626393e+01  -4.8165347e+01  -4.8816806e+01  -4.9120027e+01  -4.8889308e+01
  -4.0147930e+01  -4.3912744e+01  -4.5850467e+01  -4.6032464e+01  -4.6034268e+01  -4.5981930e+01  -4.5939005e+01  -4.6088832e+01
  -2.5685971e+01  -2.6896775e+01  -2.7718457e+01  -3.1132323e+01  -3.6115840e+01  -3.9538933e+01  -4.0592230e+01  -4.0884576e+01
  -3.0866709e+01  -3.6218872e+01  -3.9404079e+01  -4.0596382e+01  -4.1698879e+01  -4.1715324e+01  -4.1543435e+01  -4.1893663e+01
  -2.9958698e+01  -3.5924534e+01  -3.7618545e+01  -3.7292088e+01  -3.7444819e+01  -3.7713083e+01  -3.8059432e+01  -3.8628373e+01
  -3.4451015e+01  -3.8684563e+01  -3.9381895e+01  -3.8923214e+01  -3.9383414e+01  -3.9851324e+01  -4.0264210e+01  -4.0999162e+01
   1.4574061e+00   1.9329079e+00   2.5415034e+00   3.2031484e+00   2.5317335e+00   1.7246816e+00   2.7041489e-01   7.7256149e-01
   9.1188756e-01   1.8150959e+00   2.8546426e+00   4.3693338e+00   3.3427464e+00   8.9446816e-01  -9.9343750e-01   3.8643766e-01
   4.6799220e+00   3.7764747e+00   2.9440208e+00  -2.6577851e-01   2.6727524e+00   1.0100479e+00   2.4088699e-01   1.0989624e+00
   3.6465389e+00   4.6223914e+00   5.8065392e+00   6.4237074e+00   3.4836145e+00   3.9570845e+00   2.3974208e+00   2.0603760e+00
   3.9414775e+00   2.5156462e+00   9.5105551e-01   1.0823068e+00   5.9244795e-01  -1.2973738e+00   1.1090807e-04   1.4741578e+00
   6.8126342e+00   1.9162842e+00  -8.6116460e-01   3.6324664e-01  -3.9995353e-01  -8.8410329e-01  -5.5299563e-01   6.5725213e-01
   5.0047114e+00   9.2244028e-01  -1.0014700e+00  -2.0589390e-01  -4.9559319e-01  -2.6950452e-01  -2.8660194e-02   1.1906125e+00
  -4.1043192e+00  -3.1161832e+00  -3.3587259e+00  -4.0224400e+00  -2.0125527e+00  -9.4175410e-01  -1.5501997e-01  -7.8848092e-02
  -3.8548754e+00  -3.8339139e+00  -4.5217430e+00  -5.2173711e+00  -1.8720955e+00  -5.4059180e-01   3.0458742e-01  -8.7642430e-01
  -5.5571592e+00  -3.4148305e+00  -3.3326582e+00  -3.0097615e+00  -5.8615441e-01   8.5149475e-01  -5.2249289e-01   6.1742357e-01
  -5.0401856e+00  -7.1839171e+00  -7.9999846e+00  -7.0214016e+00  -3.3774236e+00  -1.8406501e+00  -7.3657272e-01   4.2586200e-01
  -3.9419411e+00  -2.7231084e+00  -1.5125568e+00  -7.8657923e-01   1.3161224e-01  -1.4973999e+00  -5.2740837e-01  -4.0179089e-01
  -5.0385616e+00  -1.9178782e-01   3.5830720e-01   6.4561912e-01   1.5665742e+00   3.8476686e+00   2.8666561e+00   2.1324522e+00
  -4.4950087e+00  -1.1294381e+00  -5.7078083e-01  -1.7169567e-01   1.3577716e-01   2.7039109e+00   1.4454358e+00   1.7573095e+00
  -6.2489463e+01  -6.5573137e+01  -6.6484172e+01  -6.6252993e+01  -6.6593200e+01  -6.7257258e+01  -6.8568358e+01  -6.7234695e+01
  -6.0936564e+01  -6.3018710e+01  -6.3817973e+01  -6.3493630e+01  -6.4681041e+01  -6.4626416e+01  -6.5656974e+01  -6.4705321e+01
  -5.8214743e+01  -6.1671434e+01  -6.2949745e+01  -6.2391938e+01  -6.2631137e+01  -6.1574614e+01  -6.3293791e+01  -6.2849841e+01
  -5.0206271e+01  -5.1316899e+01  -5.0397345e+01  -4.9332995e+01  -5.2161182e+01  -5.6500834e+01  -5.8013588e+01  -5.7907365e+01
  -4.7192028e+01  -5.1949548e+01  -5.6250544e+01  -5.6452046e+01  -5.9553081e+01  -5.8390272e+01  -5.7222784e+01  -5.8172624e+01
  -4.8014558e+01  -5.2829490e+01  -5.4909635e+01  -5.3597847e+01  -5.1689718e+01  -5.2810827e+01  -5.3677755e+01  -5.4314442e+01
  -5.1195299e+01  -5.5791647e+01  -5.6714263e+01  -5.5203039e+01  -5.3323294e+01  -5.5239278e+01  -5.6202890e+01  -5.6973568e+01
  -6.0148015e+01  -6.4547394e+01  -6.5202489e+01  -6.7060624e+01  -6.8636391e+01  -6.7777168e+01  -6.8457436e+01  -6.8247270e+01
  -5.8086017e+01  -6.0663326e+01  -6.2158701e+01  -6.5501466e+01  -6.6459864e+01  -6.5380733e+01  -6.5181148e+01  -6.6538633e+01
  -5.7699955e+01  -5.9061505e+01  -6.0313794e+01  -6.0896617e+01  -6.2203140e+01  -6.2513338e+01  -6.2685351e+01  -6.1869837e+01
  -4.8850843e+01  -4.7070594e+01  -4.9282787e+01  -5.2565487e+01  -5.3902368e+01  -5.5586743e+01  -5.6938935e+01  -5.7957879e+01
  -4.5575549e+01  -4.9851860e+01  -5.6221449e+01  -5.7948646e+01  -5.7957688e+01  -5.7821225e+01  -5.8257834e+01  -5.8241459e+01
  -4.7161445e+01  -5.1581101e+01  -5.4121715e+01  -5.3397826e+01  -5.3292392e+01  -5.3147661e+01  -5.3043382e+01  -5.3096019e+01
  -4.9773145e+01  -5.5806782e+01  -5.6297336e+01  -5.5165216e+01  -5.6805669e+01  -5.6335883e+01  -5.5320978e+01  -5.5383209e+01
