   7.4572854e+00   6.6866095e+00   6.9258158e+00   6.3021826e+00   6.3004723e+00   4.2003356e+00   3.6635240e+00   3.0693864e+00
   8.5108650e+00   8.6433365e+00   8.9714766e+00   8.3563703e+00   9.3157695e+00   8.2144837e+00   6.0506478e+00   1.8612493e+00
   6.6820359e+00   4.2459984e+00   5.9570945e+00   5.1020702e+00   3.6267698e+00   1.7096088e+00   2.4358289e+00   3.3625749e+00
   1.1676933e+01   8.7816297e+00   1.0915365e+01   9.6906930e+00   9.3014224e+00   9.3216779e+00   2.7812738e+00   1.4620237e+00
   1.1743731e+01   6.8185365e+00   4.2671509e+00   2.3374540e+00  -5.2087086e-01   2.0336192e+00   3.9131483e-01   3.8342545e+00
   3.7135572e+00   6.2972470e+00   4.2435003e+00   3.5679547e+00  -5.4344028e-01  -3.0290447e+00   3.9111044e-01   6.7464858e-01
   3.9598563e+00   4.6826528e+00   4.2237830e+00   3.4822049e+00   4.7250942e-02  -2.5039143e+00   5.8476970e-01   1.0206084e+00
  -9.7668910e+00  -6.4723401e+00  -9.2843159e+00  -7.2139035e+00  -4.5969068e+00  -5.9255767e+00  -7.2997536e+00  -5.2506224e+00
  -9.4269158e+00  -8.3320202e+00  -1.1842576e+01  -7.8186732e+00  -6.8322230e+00  -5.1454345e+00  -3.6968548e+00  -2.3884064e+00
  -6.7704809e+00  -8.0241062e+00  -7.9369719e+00  -6.9348505e+00  -4.1555258e+00  -3.2226207e+00  -4.3714446e+00  -2.0491410e+00
  -1.4173679e+01  -1.1071349e+01  -1.1852200e+01  -1.0642889e+01  -1.1015173e+01  -6.1368306e+00  -2.9627976e+00  -3.4844317e+00
  -1.1830344e+01  -8.0980655e+00  -3.7253922e+00  -2.6520422e+00  -1.9982793e-01   3.2931699e-01   2.4671814e-01   3.0301295e-01
  -7.8667333e+00  -4.9589087e+00  -4.3467648e+00  -5.1319174e+00  -4.2321304e+00  -3.3509968e+00  -2.4699637e+00  -7.2794625e-02
  -8.4336733e+00  -5.8754642e+00  -4.5031768e+00  -5.0343222e+00  -3.6942258e+00  -3.1022262e+00  -2.4092887e+00  -1.1219975e+00
   7.6490991e-02   3.0034194e-01   6.7614814e-01   6.9920200e-01   2.3103529e-01  -1.7171782e-01  -3.4194382e-01  -1.9552368e-01
  -8.7627839e-03   1.2827025e-01   3.1164235e-01   3.5346480e-01   6.6667901e-02  -9.7770393e-02  -3.9263985e-01  -3.2167000e-02
   4.8454161e-02   1.0474246e-01   1.7851507e-01   3.3979900e-01  -6.4335450e-01  -9.4549209e-01  -3.4787946e-01   2.9770790e-01
   7.5025013e-02   1.7957643e-01   8.4842918e-02   8.3650731e-02   8.6509418e-02   6.5528516e-02   1.4013159e-01   4.3172443e-01
   4.0358719e-02   2.0436163e-01   4.8644405e-01  -4.5348995e-01  -8.5397077e-01  -3.3155286e-01   2.0293680e-01   9.1222892e-01
   2.6849035e-01   2.2913963e-01   5.3344259e-01   1.1456529e+00   6.1696530e-01  -3.8125198e-03  -7.7785958e-02  -6.6048881e-02
   1.4274594e-01   4.1237941e-01   7.6820167e-01   1.4044028e+00   1.3794810e+00   7.7420327e-01   3.7659153e-01   1.0170782e-01
   2.0711422e-02   2.0711422e-02   2.0697594e-01   2.0697594e-01   2.0711422e-02   2.0711422e-02   2.0711422e-02   2.0711422e-02
   2.0711422e-02   2.0711422e-02   2.0697594e-01   2.0711422e-02   2.0711422e-02   2.0711422e-02  -1.6555309e-01   2.0711422e-02
   2.0711422e-02   2.0711422e-02   2.0697594e-01   2.0697594e-01  -1.6555309e-01  -7.2434664e-01  -1.6555309e-01   2.0711422e-02
   2.0711422e-02   2.0711422e-02   2.0711422e-02   2.0711422e-02   2.0711422e-02  -1.6555309e-01   2.0711422e-02   3.9324045e-01
   2.0711422e-02   2.0711422e-02   2.0697594e-01   2.0711422e-02  -7.2434664e-01  -3.5181761e-01   2.0697594e-01   1.3245630e+00
   2.0697594e-01   2.0711422e-02   2.0697594e-01   5.7950497e-01   5.7950497e-01   2.0697594e-01  -5.3808212e-01  -3.5181761e-01
   2.0697594e-01   2.0711422e-02   2.0697594e-01   5.7950497e-01   1.1382985e+00   7.6576948e-01   2.0711422e-02   2.0711422e-02
  -4.3015455e+01  -4.9280607e+01  -5.1453522e+01  -5.2492323e+01  -5.3507300e+01  -5.3643970e+01  -5.3927705e+01  -5.4524390e+01
  -4.1012993e+01  -4.6371984e+01  -4.8346994e+01  -4.9501420e+01  -5.1192798e+01  -5.2194779e+01  -5.2882451e+01  -5.3255473e+01
  -4.2087388e+01  -4.5941474e+01  -4.7618683e+01  -4.8942588e+01  -4.9862165e+01  -5.0241759e+01  -5.0449336e+01  -5.0434927e+01
  -2.9480646e+01  -3.1100872e+01  -3.2217626e+01  -3.3640825e+01  -3.6475566e+01  -3.9323117e+01  -4.1068949e+01  -4.1697427e+01
  -2.9753535e+01  -3.4943672e+01  -3.9947515e+01  -4.1447922e+01  -4.1550271e+01  -4.1550942e+01  -4.2249032e+01  -4.2617361e+01
  -2.5714583e+01  -3.4921815e+01  -3.7185206e+01  -3.7673223e+01  -3.8165173e+01  -3.7911200e+01  -3.7950400e+01  -3.9013490e+01
  -2.7630939e+01  -3.7908315e+01  -3.9500990e+01  -3.9961490e+01  -4.0538055e+01  -4.0155691e+01  -4.0018098e+01  -4.1100475e+01
   6.8169253e+00   5.8366206e+00   2.8300463e+00   1.5814151e+00   1.4447977e+00   6.6083817e-01  -1.7967266e+00   3.2571443e-01
   6.8145435e+00   6.0017883e+00   3.8997216e+00   2.6645976e+00   1.9299859e+00   5.6295370e-01  -1.6558031e+00  -2.4418143e-01
   6.1757451e+00   5.7493785e+00   3.8787162e+00   2.5496022e+00   2.5286320e-01   5.7618929e-01   5.6572867e-01  -6.0314059e-02
   6.5087598e+00   6.1888415e+00   5.6055591e+00   6.0699281e+00   5.1485996e+00   4.1650288e+00   2.8046454e+00   2.9293973e-01
   5.8348042e+00   3.1729129e+00   7.2253065e-02  -2.4222863e-01  -1.4246268e-01   1.0114827e+00   1.3818447e-01  -1.6038263e+00
   5.0802482e+00   2.5724766e+00   4.8717990e-01   9.4581596e-02   2.2467233e+00   7.5545968e-01  -2.5753355e-01  -1.2171704e-01
   6.9444208e+00   2.8570790e+00   1.1510667e+00   8.7786502e-01   2.3982655e+00   5.4139315e-01  -3.2749427e-01  -1.3765452e-01
  -8.4529788e+00  -6.6510818e+00  -2.2825233e+00  -2.7441096e+00  -1.5339182e+00  -9.2069457e-01  -6.5015557e-01   1.3907268e-01
  -7.4337988e+00  -5.4825645e+00  -1.9915840e+00  -3.3828051e+00  -1.5702270e+00  -1.7385654e+00  -1.2837505e+00   1.1089488e-01
  -3.3869835e+00  -2.5741710e+00  -4.4487655e+00  -5.4715441e+00  -3.5935169e+00  -3.2931214e+00  -1.0274899e+00  -3.0396963e-01
  -2.4653573e+00  -4.3288542e+00  -3.8731440e+00  -4.9836413e+00  -6.1289188e+00  -4.3918024e+00  -2.6445964e+00  -7.7554258e-01
  -5.9617002e+00  -5.4035013e+00  -3.5484350e+00  -6.6453535e-01  -5.8666223e-01  -2.4559441e+00  -1.7104281e+00   4.1979740e-01
  -7.8554109e+00  -3.5557457e+00  -2.0650713e+00  -2.1356443e+00  -5.1451627e-01   2.9381489e-01  -3.6613262e-01  -4.6229400e-01
  -8.3738387e+00  -3.5877937e+00  -2.7978771e+00  -2.0419778e+00  -6.7646754e-02   7.0048142e-01  -1.2368022e-01   3.3472391e-02
  -5.9832678e+01  -6.6621508e+01  -7.0388575e+01  -7.0310747e+01  -7.0763814e+01  -7.0264609e+01  -6.9821382e+01  -7.2285393e+01
  -5.9404719e+01  -6.5392581e+01  -6.9244718e+01  -6.9135129e+01  -7.0554734e+01  -6.9750910e+01  -6.8804699e+01  -7.0103618e+01
  -6.0378665e+01  -6.2656552e+01  -6.6182431e+01  -6.6528260e+01  -6.5024680e+01  -6.4909438e+01  -6.6200092e+01  -6.6868795e+01
  -5.1971287e+01  -5.4033906e+01  -5.3600962e+01  -5.4027784e+01  -5.7646570e+01  -5.8211434e+01  -5.7565856e+01  -5.8907185e+01
  -5.0681846e+01  -5.1775402e+01  -5.6176280e+01  -5.6537346e+01  -5.6548901e+01  -5.8633640e+01  -5.8189168e+01  -5.8833666e+01
  -4.3530918e+01  -5.2648666e+01  -5.3968802e+01  -5.3141020e+01  -5.3798853e+01  -5.2944295e+01  -5.2714176e+01  -5.5113809e+01
  -4.4724517e+01  -5.4880641e+01  -5.6515758e+01  -5.6225659e+01  -5.6622571e+01  -5.5206249e+01  -5.4913940e+01  -5.7580968e+01
  -6.2875226e+01  -6.6944411e+01  -6.8748382e+01  -6.9762931e+01  -6.9717730e+01  -6.9562962e+01  -7.1976670e+01  -7.0576653e+01
  -6.1157839e+01  -6.5019676e+01  -6.6388367e+01  -6.6754551e+01  -6.8724172e+01  -6.8507408e+01  -6.9745081e+01  -6.8127663e+01
  -5.7397501e+01  -6.2233489e+01  -6.4649535e+01  -6.7378193e+01  -6.7844648e+01  -6.8347288e+01  -6.7633626e+01  -6.6812164e+01
  -4.9360252e+01  -4.9339704e+01  -5.0985774e+01  -5.4077067e+01  -5.8142156e+01  -5.7409044e+01  -5.7377740e+01  -5.6528827e+01
  -5.0770719e+01  -5.3138786e+01  -5.5721742e+01  -5.5861331e+01  -5.6939551e+01  -5.8001047e+01  -5.7418329e+01  -5.6206725e+01
  -4.2567217e+01  -5.0453701e+01  -5.4754840e+01  -5.5106748e+01  -5.4150360e+01  -5.3650191e+01  -5.4376787e+01  -5.3928732e+01
  -4.5783671e+01  -5.4282540e+01  -5.7565515e+01  -5.7147101e+01  -5.5829727e+01  -5.5360316e+01  -5.6222493e+01  -5.6418483e+01
