   8.2756052e+00   8.8519756e+00   1.1016452e+01   9.4925771e+00   1.1457229e+01   1.1460854e+01   1.1157268e+01   9.0566896e+00
   7.1315705e+00   9.0747975e+00   1.1410454e+01   8.7719135e+00   8.9079909e+00   9.1060461e+00   9.7492765e+00   8.4346469e+00
   9.9175905e+00   4.2502261e+00   8.1289441e+00   5.8246459e+00   6.7832052e+00   9.7488990e+00   1.2409363e+01   1.0904455e+01
   1.5682163e+01   1.3566232e+01   1.2017634e+01   1.3282502e+01   1.4437244e+01   1.3423101e+01   1.5532826e+01   9.9310215e+00
   6.7824575e+00   4.0844652e+00   3.3353678e+00   7.7194693e+00   9.2112851e+00   4.8379228e+00   2.7486975e+00   3.8838305e+00
   3.9646853e+00   1.5311985e+00   6.2786487e+00   1.3815923e+01   1.5777849e+01   9.8289512e+00   5.9602277e+00   2.2487576e+00
   3.3653125e+00  -2.5676466e-02   5.6667669e+00   1.2784848e+01   1.4601004e+01   9.0660897e+00   4.8345338e+00   8.9556163e-01
  -7.3404849e+00  -1.0888455e+01  -1.0657279e+01  -1.4044079e+01  -1.4507693e+01  -7.3383994e+00  -8.2583290e+00  -8.2771631e+00
  -7.3084310e+00  -9.3895611e+00  -9.5179409e+00  -1.2836604e+01  -1.3737581e+01  -7.2079253e+00  -8.7998622e+00  -7.9062539e+00
  -7.0855070e+00  -4.1106855e+00  -9.7519235e+00  -1.2562659e+01  -1.2029951e+01  -8.4554611e+00  -9.4571088e+00  -1.0926525e+01
  -1.0527452e+01  -1.2171673e+01  -1.2427213e+01  -1.6367314e+01  -1.5384529e+01  -7.8986348e+00  -6.8754916e+00  -1.2478650e+01
  -4.5471511e+00  -1.8453829e+00  -5.0635691e+00  -6.6443164e+00  -9.6004861e+00  -7.8480115e+00  -3.6705958e+00  -2.8528509e+00
  -5.2923610e-01  -7.0816482e+00  -1.4870673e+01  -1.0026275e+01  -1.0440601e+01  -8.4544325e+00  -4.3755232e+00  -2.6938901e+00
   1.7900009e+00  -7.6588858e+00  -1.4689625e+01  -1.0791556e+01  -1.0990423e+01  -8.9552939e+00  -5.2698057e+00  -3.0658329e+00
  -6.9206307e-02   1.1776100e-02   7.0745058e-02   1.9686802e-01   1.8323288e-01   2.9015854e-01   2.7058573e-01   3.5224173e-01
  -2.7011897e-02  -2.6050039e-03   8.2634947e-03   1.8976252e-01   2.3277418e-01   3.3457932e-01   4.1442426e-01   5.4260571e-01
   1.3910375e-01   3.4978726e-01   3.8354731e-01   4.1278587e-01   3.5702677e-01   3.0694756e-01   1.1273247e-01   1.4155500e-01
   1.3133156e-01   5.6557928e-02   6.1434351e-02   1.5349863e-01   1.5821627e-01   3.0977216e-01   2.9152605e-01   2.6896579e-01
   3.9138574e-01   3.1062126e-01   1.1238621e-01   2.3792013e-01   2.8541123e-01   7.0844511e-01   3.6402250e-01   4.8244406e-01
   1.0441909e-02   2.9071993e-01   1.8556844e-01   1.6446074e-01   1.3901988e-01   3.9692002e-01   6.3675581e-01   5.4450221e-01
  -8.0463875e-03   2.7017354e-01   1.5418510e-01   1.5657009e-01   1.7200652e-01   5.1642478e-01   7.7429195e-01   9.1096287e-01
  -1.4760017e-01   3.8664341e-02   3.8664341e-02   2.2492886e-01   2.2492886e-01   2.2492886e-01  -1.4760017e-01  -1.4760017e-01
   3.8664341e-02   3.8664341e-02   3.8664341e-02   2.2492886e-01   2.2492886e-01   2.2492886e-01  -1.4760017e-01  -1.4760017e-01
   3.8664341e-02   3.8664341e-02   3.8664341e-02   2.2492886e-01   2.2492886e-01   2.2492886e-01   3.8664341e-02   3.8664341e-02
   3.8664341e-02   3.8664341e-02   3.8664341e-02   2.2492886e-01   2.2492886e-01   4.1119337e-01   2.2492886e-01   3.8664341e-02
   4.1119337e-01   4.1119337e-01  -1.4760017e-01   3.8664341e-02   3.8664341e-02   2.2492886e-01   2.2492886e-01   3.8664341e-02
  -1.4760017e-01   4.1119337e-01   3.8664341e-02   3.8664341e-02   3.8664341e-02   2.2492886e-01   2.2492886e-01   2.2492886e-01
  -1.4760017e-01   2.2492886e-01   3.8664341e-02   3.8664341e-02   3.8664341e-02   2.2492886e-01   4.1119337e-01   4.1119337e-01
  -2.9919240e+01  -3.4321984e+01  -3.6372203e+01  -3.6690396e+01  -3.8392816e+01  -4.2962644e+01  -4.6458576e+01  -4.7388739e+01
  -2.9397520e+01  -3.4022076e+01  -3.6324755e+01  -3.7198429e+01  -3.9194467e+01  -4.2991026e+01  -4.5562030e+01  -4.6512270e+01
  -2.6343113e+01  -3.1610786e+01  -3.3984337e+01  -3.6190756e+01  -3.9622860e+01  -4.1466666e+01  -4.1005686e+01  -4.1414638e+01
  -1.7476429e+01  -1.8352561e+01  -1.9694622e+01  -1.9684486e+01  -2.1317744e+01  -2.6966077e+01  -3.3863749e+01  -3.5503509e+01
  -1.8400267e+01  -2.6050743e+01  -3.4541532e+01  -3.7388592e+01  -3.8835535e+01  -4.0944070e+01  -4.1680535e+01  -4.1008415e+01
  -1.8893460e+01  -2.5958138e+01  -3.1077193e+01  -3.2337088e+01  -3.4206867e+01  -3.7878120e+01  -4.0004299e+01  -3.9902151e+01
  -2.0743341e+01  -2.7943475e+01  -3.2689041e+01  -3.4311823e+01  -3.5982552e+01  -3.9595408e+01  -4.1769088e+01  -4.1816729e+01
   6.4350701e+00   7.0985022e+00   7.4634049e+00   8.4992609e+00   7.0805264e+00   5.5888206e+00   5.2015694e+00   5.7316020e+00
   5.1351343e+00   6.0166120e+00   6.2479582e+00   6.9269971e+00   6.6504342e+00   5.6259892e+00   4.7368390e+00   5.2341253e+00
   5.2692591e+00   4.7133740e+00   6.2214113e-01   2.3196286e+00   6.0361321e+00   4.8586424e+00   3.4308292e+00   3.6878175e+00
   5.9117349e+00   9.0127964e+00   9.5437634e+00   8.8181083e+00   7.9304282e+00   5.1800100e+00   2.5766767e+00   2.2015048e+00
   7.6617651e+00   9.5812306e+00   7.4131739e+00   2.6383248e+00   2.4614867e+00   1.6603607e+00  -1.6503769e+00  -1.0229559e+00
   8.8308496e+00   6.9170250e+00   4.6931674e+00   3.1004804e+00   2.4956208e+00   1.9144301e+00  -9.0235588e-02  -7.9223271e-01
   9.7146413e+00   6.3538707e+00   5.0284975e+00   3.4023034e+00   2.9957502e+00   2.1029788e+00   7.0468421e-01  -1.8086377e-01
  -6.8319962e+00  -5.1042364e+00  -6.4998441e+00  -6.7675564e+00  -8.6057119e+00  -8.4701180e+00  -5.2016190e+00  -4.2329379e+00
  -6.9477987e+00  -6.9420808e+00  -6.2898039e+00  -6.6076851e+00  -7.7608806e+00  -6.8120781e+00  -3.5833511e+00  -3.6363858e+00
  -6.7671030e+00  -4.6998505e+00  -1.9438863e+00  -2.4459689e+00  -5.6567259e+00  -6.9314491e+00  -5.4411996e+00  -2.6259864e+00
  -1.1962927e+01  -1.0953243e+01  -7.0961335e+00  -6.8473419e+00  -9.8349502e+00  -1.0225321e+01  -7.4347299e+00  -3.1776195e+00
  -9.8493678e+00  -6.6770842e+00  -2.9941229e+00  -2.3587232e+00  -8.8589234e-01  -2.1589408e+00  -1.6591102e+00  -8.9622241e-01
  -8.0264633e+00  -3.7246231e+00  -7.7096222e-01  -4.0703000e+00  -4.7599992e+00  -4.1170296e+00  -2.1744591e+00  -2.2556966e-01
  -7.9442330e+00  -3.7893028e+00  -2.0182103e+00  -4.2846021e+00  -5.3413887e+00  -4.2484392e+00  -1.6548325e+00  -3.9690511e-01
  -4.3642660e+01  -5.0430426e+01  -5.5220739e+01  -5.6012588e+01  -5.6662725e+01  -5.9487391e+01  -6.1869548e+01  -6.1453622e+01
  -4.2700572e+01  -4.9090127e+01  -5.3739784e+01  -5.5127604e+01  -5.6211121e+01  -5.8903562e+01  -6.0827546e+01  -5.9982953e+01
  -4.0470457e+01  -4.3527510e+01  -4.9864858e+01  -5.2104001e+01  -5.3953478e+01  -5.6440775e+01  -5.9030183e+01  -6.0205156e+01
  -3.8749507e+01  -3.9223863e+01  -4.1155210e+01  -4.1523640e+01  -4.1461634e+01  -4.4345626e+01  -5.2253314e+01  -5.5227919e+01
  -3.2532497e+01  -3.6651428e+01  -4.5189380e+01  -5.2947674e+01  -5.5216357e+01  -5.4888620e+01  -5.7126194e+01  -5.7282629e+01
  -2.8492231e+01  -3.6782019e+01  -4.8199391e+01  -5.0925146e+01  -5.3288860e+01  -5.4482977e+01  -5.6185680e+01  -5.6542576e+01
  -3.0953902e+01  -4.0314241e+01  -4.9807084e+01  -5.2416771e+01  -5.4271889e+01  -5.5684349e+01  -5.7370257e+01  -5.7477284e+01
  -4.5358221e+01  -5.2746851e+01  -5.5089083e+01  -5.4884786e+01  -5.6062922e+01  -5.5414018e+01  -6.1478052e+01  -6.4262860e+01
  -4.4138081e+01  -5.0960899e+01  -5.4065705e+01  -5.4442426e+01  -5.6332368e+01  -5.6104114e+01  -6.1265116e+01  -6.2921755e+01
  -4.0191183e+01  -4.5629391e+01  -5.1088621e+01  -5.3493108e+01  -5.5229815e+01  -5.4594430e+01  -5.7459974e+01  -6.0547569e+01
  -3.3724635e+01  -3.8016052e+01  -4.0451969e+01  -4.0067862e+01  -3.9704710e+01  -3.8689484e+01  -4.5838364e+01  -5.5767039e+01
  -2.7675845e+01  -3.4166770e+01  -4.8106497e+01  -5.2255528e+01  -5.5119356e+01  -5.6082804e+01  -5.6324954e+01  -5.6535274e+01
  -2.8294326e+01  -3.6314205e+01  -5.0680839e+01  -5.1799807e+01  -5.1258099e+01  -5.2686931e+01  -5.3937576e+01  -5.3851200e+01
  -3.0770508e+01  -3.9552345e+01  -5.2831938e+01  -5.3886190e+01  -5.3264134e+01  -5.4636756e+01  -5.6047221e+01  -5.5875240e+01
