   5.4714487e+00   6.4041421e+00   5.6969436e+00   5.8226085e+00   7.8743049e+00   6.2064948e+00   2.1776769e+00   2.7893916e+00
   5.1460466e+00   6.2607129e+00   5.3690774e+00   5.5272225e+00   6.4202497e+00   3.0914504e+00   6.0204826e-01   3.2506787e+00
   7.2875823e+00   4.6569296e+00   3.8810763e+00   3.5743240e+00   7.3988570e+00   6.3791884e+00   2.8018800e+00   4.3366366e+00
   7.1959712e+00   8.4195599e+00   8.0848293e+00   6.7271607e+00   8.7450055e+00   9.5961228e+00   7.6717259e+00   2.8460056e+00
   9.9639019e+00   6.5617596e+00   6.2521624e+00   3.9150465e+00   3.4059755e+00   2.5701504e+00   1.8749562e+00   1.0716066e+00
   1.0285882e+01   6.6894699e+00   3.1690609e+00   6.8840860e+00   6.7211550e+00   2.9433114e+00   1.1585635e+00   1.1819689e+00
   1.0119751e+01   6.8647541e+00   3.7716704e+00   6.7245244e+00   6.1013763e+00   2.2384488e+00   9.3108166e-01   1.0238584e+00
  -9.4431643e+00  -4.0921367e+00  -6.0669632e+00  -6.6675791e+00  -6.4562365e+00  -8.0540536e+00  -6.4700062e+00  -4.0326521e+00
  -8.7734190e+00  -3.9663990e+00  -5.8183083e+00  -6.6414346e+00  -3.8363746e+00  -8.0545951e+00  -5.4380504e+00  -3.0246969e+00
  -6.4587472e+00  -4.8894525e+00  -6.7983515e+00  -5.7279535e+00  -4.5984604e+00  -6.5005892e+00  -4.9563445e+00  -2.5134458e+00
  -8.8150537e+00  -5.7522011e+00  -6.1116958e+00  -4.8575882e+00  -8.5576305e+00  -9.2957226e+00  -8.1619536e+00  -5.5146791e+00
  -9.0980759e+00  -4.7839728e+00  -3.1737897e+00  -5.0488590e+00  -4.4343117e+00  -2.8311266e+00  -3.9990661e-01  -2.7673483e+00
  -1.1082367e+01  -8.2628980e+00  -7.9622015e+00  -8.4712345e+00  -7.2182154e+00  -2.8911146e+00   2.2664602e+00  -3.2495600e-01
  -1.0311076e+01  -8.5945166e+00  -6.8555075e+00  -8.4628637e+00  -7.3855749e+00  -2.6256139e+00   2.1066450e+00   6.6986268e-01
   2.9173982e-02   3.4009647e-02   1.6867805e-01   1.4294637e-01   2.4459951e-01  -5.9304246e-04   3.3278424e-01   1.0526926e-02
   3.0810465e-02   7.8505306e-02   2.4230301e-01   2.5310807e-01   4.3218246e-01  -6.6487559e-02   9.7409562e-02  -1.5981090e-01
   2.2442403e-01   4.9479370e-01   7.8613295e-01   8.4766056e-01   4.1547415e-01   2.3181934e-01  -1.9854902e-01  -3.9259003e-01
   3.3430451e-02   3.4893419e-02   5.0160380e-02  -4.1492734e-03   1.9014855e-02   7.3053348e-02   5.7895693e-01   6.6425426e-01
   4.5267019e-02  -6.0683614e-02  -3.5309869e-02   6.4673951e-01   9.6720487e-01   9.2958055e-01   9.0868532e-01   9.3007904e-01
  -1.2566227e-01  -2.2331058e-01   2.0625978e-01   8.9006927e-01   1.3789731e+00   7.5021491e-01   3.5020051e-01   9.0132656e-01
  -9.7098493e-02  -1.6193310e-01   2.4063939e-01   9.1725881e-01   1.4362441e+00   7.8805819e-01   1.0212316e-01   7.2861865e-01
   3.8664341e-02  -1.4760017e-01   3.8664341e-02   3.8664341e-02  -1.4760017e-01  -1.4760017e-01   3.8664341e-02   3.8664341e-02
   3.8664341e-02  -1.4760017e-01   3.8664341e-02   3.8664341e-02  -1.4760017e-01  -1.4760017e-01  -3.3386469e-01  -5.2012920e-01
   3.8664341e-02   3.8664341e-02   3.8664341e-02   2.2492886e-01   3.8664341e-02   3.8664341e-02  -1.4760017e-01  -1.4760017e-01
   3.8664341e-02   3.8664341e-02   3.8664341e-02   3.8664341e-02   3.8664341e-02   3.8664341e-02   2.2492886e-01   2.2492886e-01
   3.8664341e-02  -1.4760017e-01  -1.4760017e-01   4.1119337e-01   2.2492886e-01   3.8664341e-02   4.1119337e-01   5.9745789e-01
  -1.4760017e-01  -3.3386469e-01   3.8664341e-02   2.2492886e-01   2.2492886e-01   3.8664341e-02   3.8664341e-02   7.8372240e-01
  -1.4760017e-01  -1.4760017e-01   3.8664341e-02   2.2492886e-01   2.2492886e-01   3.8664341e-02   3.8664341e-02   9.6998692e-01
  -3.0135721e+01  -3.5658256e+01  -3.9249403e+01  -4.2667577e+01  -4.5395133e+01  -4.7586377e+01  -4.9135406e+01  -4.9664848e+01
  -2.8911027e+01  -3.4287737e+01  -3.8281762e+01  -4.1639518e+01  -4.4871524e+01  -4.6446736e+01  -4.6755136e+01  -4.6819726e+01
  -2.6200443e+01  -3.1572149e+01  -3.4163499e+01  -3.6432495e+01  -4.0603774e+01  -4.1925670e+01  -4.2378500e+01  -4.2435682e+01
  -1.9019941e+01  -2.0424484e+01  -2.2170113e+01  -2.5755332e+01  -2.8897760e+01  -3.2298064e+01  -3.7112345e+01  -3.9036846e+01
  -1.5552761e+01  -2.3686275e+01  -3.3342096e+01  -3.7280056e+01  -3.9192735e+01  -3.9919200e+01  -4.0243643e+01  -4.0797229e+01
  -1.3838328e+01  -2.3924994e+01  -3.3624339e+01  -3.6460601e+01  -3.8174771e+01  -3.9126820e+01  -3.9748278e+01  -4.0079861e+01
  -1.6892551e+01  -2.7136682e+01  -3.5147574e+01  -3.7975839e+01  -3.9910021e+01  -4.0774497e+01  -4.1242945e+01  -4.1483236e+01
   7.2541894e+00   8.4077442e+00   8.3095137e+00   4.9816799e+00   3.3071591e+00   3.8353343e+00   6.3584124e-01  -9.8237980e-01
   6.8718118e+00   8.3550086e+00   6.3564575e+00   3.0023106e+00   1.6434262e+00   2.8178353e+00   1.4501215e-01  -3.4548571e-01
   6.6023368e+00   5.0341207e+00   1.9446972e+00   9.8311419e-01   1.1228354e+00   2.4748974e+00  -6.8597466e-01   2.1822422e-01
   7.8020389e+00   7.2661078e+00   6.4463514e+00   6.1103101e+00   5.4741682e+00   4.7295740e+00   2.6112547e+00   2.2962900e+00
   6.1773503e+00   5.4075093e+00   5.1283402e+00   2.7973374e+00   8.6239669e-01   1.4364477e+00  -8.1750002e-01  -1.8712903e+00
   8.5833994e+00   8.0542554e+00   6.0962448e+00   2.6064006e+00   7.4257893e-01   2.0037099e+00   9.5310873e-01  -1.3914888e+00
   7.9529039e+00   7.8482102e+00   5.5324317e+00   2.4300961e+00   9.3443477e-01   1.6858692e+00   6.1911581e-01  -1.4934713e+00
  -7.4107866e+00  -8.5526210e+00  -7.3411363e+00  -4.1387610e+00  -3.8611431e+00  -1.8043074e+00   6.2114610e-01   1.2148346e+00
  -7.2145311e+00  -7.9600393e+00  -6.4043874e+00  -3.4580506e+00  -2.9585184e+00   6.8363789e-01   1.3711948e+00   6.9640448e-01
  -8.4377253e+00  -6.0713597e+00  -1.5031278e+00  -1.7618747e+00  -2.9783996e+00  -4.4519286e-01  -1.0541003e-01  -9.0446379e-01
  -9.9590817e+00  -9.6411633e+00  -8.8757449e+00  -6.1739290e+00  -5.8487929e+00  -7.0781952e+00  -4.4068708e+00  -1.1729997e+00
  -9.3311390e+00  -8.0344670e+00  -5.2750662e+00  -3.5879831e+00  -2.0383513e+00  -1.3071413e+00  -5.0385044e-01   3.9209033e-01
  -7.0183302e+00  -4.9911102e+00  -2.9639068e+00  -1.8115302e+00  -6.4696796e-01  -2.1700400e+00  -1.2294218e+00  -7.4466200e-01
  -7.1111780e+00  -5.0753179e+00  -4.0363568e+00  -1.8727545e+00  -4.7527954e-01  -1.8920518e+00  -1.1837715e+00  -6.0934187e-01
  -4.3116795e+01  -4.8173578e+01  -5.2865780e+01  -5.5886322e+01  -5.9740406e+01  -6.0908550e+01  -6.3215854e+01  -6.6227566e+01
  -4.1621444e+01  -4.6669022e+01  -5.1611306e+01  -5.4744990e+01  -5.8944865e+01  -5.9300961e+01  -6.0573199e+01  -6.3030106e+01
  -3.9622181e+01  -4.4221339e+01  -4.8097446e+01  -5.0531507e+01  -5.5347338e+01  -5.6390916e+01  -5.7768865e+01  -5.9249516e+01
  -3.2821522e+01  -3.5310835e+01  -3.7154032e+01  -4.0091154e+01  -4.4045221e+01  -4.6782695e+01  -5.1805303e+01  -5.4375647e+01
  -3.0572432e+01  -3.5133983e+01  -4.4496666e+01  -5.1093560e+01  -5.3581004e+01  -5.3264051e+01  -5.4803322e+01  -5.6266136e+01
  -2.7994242e+01  -3.5121463e+01  -4.6337144e+01  -5.1949911e+01  -5.3737528e+01  -5.3124167e+01  -5.4588106e+01  -5.6140026e+01
  -3.1147300e+01  -3.9077798e+01  -4.8484786e+01  -5.3620813e+01  -5.5195353e+01  -5.4843258e+01  -5.6783975e+01  -5.8260370e+01
  -4.4820174e+01  -4.8021176e+01  -5.1826049e+01  -5.6886606e+01  -6.0537725e+01  -6.3396848e+01  -6.5119623e+01  -6.5323149e+01
  -4.2981412e+01  -4.6547457e+01  -5.0748089e+01  -5.5147533e+01  -5.8769339e+01  -6.2975074e+01  -6.3376370e+01  -6.2910902e+01
  -3.9575766e+01  -4.4227400e+01  -4.8985875e+01  -5.0552156e+01  -5.4363703e+01  -5.6997454e+01  -5.8706813e+01  -5.7067963e+01
  -3.3589669e+01  -3.3817509e+01  -3.5560958e+01  -3.9711912e+01  -4.4823015e+01  -4.7973148e+01  -5.1787269e+01  -5.4469913e+01
  -3.0283925e+01  -3.5443694e+01  -4.5583958e+01  -4.9173587e+01  -5.3460274e+01  -5.5159317e+01  -5.5867320e+01  -5.7534764e+01
  -3.1824812e+01  -4.0189918e+01  -4.9201130e+01  -5.1519977e+01  -5.4313872e+01  -5.4937817e+01  -5.4675192e+01  -5.5401807e+01
  -3.3930734e+01  -4.3418735e+01  -5.0130632e+01  -5.3419361e+01  -5.6287556e+01  -5.6043567e+01  -5.5146795e+01  -5.5923550e+01
