   1.1154225e+01   9.5268923e+00   7.2600205e+00   7.1214150e+00   6.8224248e+00   5.8159151e+00   5.0189951e+00   1.5460035e+00
   9.4477998e+00   8.7047534e+00   8.6670242e+00   8.0073175e+00   7.3001024e+00   5.7885097e+00   5.2788510e+00   2.4217243e+00
   7.8087540e+00   6.8194940e+00   3.7643315e+00   3.6956794e+00   6.5105689e-01   2.8543582e+00   4.2761487e+00   6.0856582e-01
   1.1291106e+01   1.0058398e+01   1.0035811e+01   5.0184394e+00   6.1462209e+00   3.8732309e+00  -1.0853272e+00   1.8246361e+00
   9.2193309e+00   6.3774057e+00   3.1398184e+00   1.6074514e+00   4.7699173e-01   3.5049888e-01   1.0371502e+00   1.1568478e+00
   5.8009017e+00   6.4673927e+00   1.9773060e+00   6.5210919e-01  -1.1343374e-01  -5.1935504e-01  -5.3656568e-01  -1.1639944e+00
   6.5928321e+00   6.8719204e+00   2.1386319e+00   8.2465321e-01  -8.1077540e-01   2.1601050e-01   1.1403636e+00  -5.5651021e-01
  -4.7071054e+00  -5.3674708e+00  -7.9268191e+00  -8.6094998e+00  -5.2528232e+00  -2.0540379e+00  -3.0901453e+00  -2.9133642e+00
  -4.0215134e+00  -6.3311595e+00  -8.2238464e+00  -7.8742225e+00  -4.1380966e+00  -1.3404318e+00  -1.9029915e+00  -2.1889515e+00
  -9.2582726e+00  -4.0131511e+00  -4.5366649e+00  -4.8357840e+00  -3.2392213e+00  -3.2458398e+00  -3.4966450e+00  -2.4901709e+00
  -1.2651136e+01  -1.0231023e+01  -1.0119935e+01  -6.7830812e+00  -4.1106723e+00  -5.5431498e+00  -4.0784061e+00  -9.5554313e-01
  -8.5421080e+00  -6.2701847e+00  -4.3735390e+00  -3.0060230e+00  -2.2938973e+00  -1.8488109e+00   1.0108104e-01  -1.6677566e+00
  -6.9970888e+00  -2.6060884e+00  -2.4169859e+00  -1.5719554e+00   7.5124584e-01  -1.2071728e+00  -2.5053208e+00  -1.7439318e+00
  -6.3007211e+00  -2.2804679e+00  -2.4200590e+00  -2.8520545e+00   6.2004759e-01  -9.1821661e-01  -2.1067388e+00  -1.5302141e+00
  -5.8672891e-02  -2.6615378e-01  -4.0333854e-02  -2.2175741e-01  -1.2762944e-02  -3.8100167e-02  -7.4924496e-04  -1.9847984e-02
   4.3454178e-02  -1.2188983e-01   8.3069458e-02   1.7634480e-02   3.3126883e-02  -8.4687082e-02   1.8077170e-01   2.5227883e-01
   7.4497340e-02   1.6445582e-01   1.8281669e-01  -1.6373164e-01  -2.2513252e-02   3.8606981e-01  -2.2464977e-01   2.4712202e-02
   1.0921590e-01   8.5891746e-02   1.2779053e-01   2.8149263e-01   2.6580198e-01   1.2094631e-01  -3.7327629e-02   3.1407775e-01
  -8.8760992e-02  -1.2440937e-01  -1.2838699e-01  -4.6998849e-01  -2.3949585e-01  -1.5761500e-01   2.6270932e-01   8.5257717e-01
   1.4328568e-01  -1.0800232e-01   2.6398301e-01  -2.2432178e-03  -1.0037651e-02   3.3973926e-01   5.3636074e-01   3.1080239e-01
   1.5767779e-01  -2.8056853e-01   4.1721811e-01   3.5449957e-01   4.8734480e-01   7.7601336e-01   7.3374356e-01   5.6677380e-01
  -1.6555309e-01  -3.5181761e-01   2.0711422e-02   2.0697594e-01   2.0711422e-02   2.0711422e-02   2.0711422e-02   2.0711422e-02
   2.0711422e-02  -1.6555309e-01   2.0711422e-02   2.0697594e-01   2.0711422e-02  -1.6555309e-01   2.0711422e-02   2.0697594e-01
   2.0711422e-02   2.0711422e-02   2.0697594e-01   2.0697594e-01   2.0711422e-02  -1.6555309e-01  -1.6555309e-01   2.0711422e-02
   2.0711422e-02   2.0711422e-02   2.0697594e-01   2.0697594e-01   2.0711422e-02   2.0711422e-02   2.0711422e-02   2.0711422e-02
  -1.6555309e-01  -1.6555309e-01   2.0711422e-02   2.0711422e-02  -1.6555309e-01  -7.2434664e-01   3.9324045e-01   1.5108275e+00
   2.0711422e-02  -1.6555309e-01   2.0697594e-01  -3.5181761e-01  -7.2434664e-01   2.0697594e-01   5.7950497e-01   2.0711422e-02
   2.0711422e-02  -3.5181761e-01   2.0697594e-01   2.0697594e-01   3.9324045e-01   7.6576948e-01   5.7950497e-01   5.7950497e-01
  -4.2147242e+01  -4.5919676e+01  -4.8243467e+01  -4.9966625e+01  -5.1214173e+01  -5.1954874e+01  -5.2127278e+01  -5.2286534e+01
  -4.1116649e+01  -4.3867528e+01  -4.5585712e+01  -4.8090980e+01  -5.0299873e+01  -5.1198711e+01  -5.1142979e+01  -5.1177769e+01
  -3.9301689e+01  -4.3104704e+01  -4.7136507e+01  -4.8989529e+01  -5.0071308e+01  -5.0422648e+01  -5.0695156e+01  -5.0581722e+01
  -2.6093673e+01  -2.7623108e+01  -2.9356009e+01  -3.3452130e+01  -3.7917522e+01  -4.0332838e+01  -4.2257358e+01  -4.2803544e+01
  -2.8499358e+01  -3.4821858e+01  -4.0066257e+01  -4.1084095e+01  -4.1869471e+01  -4.1569329e+01  -4.1109218e+01  -4.1012388e+01
  -2.7748142e+01  -3.3547814e+01  -3.5519933e+01  -3.6548330e+01  -3.7190130e+01  -3.7357188e+01  -3.6855548e+01  -3.6423493e+01
  -3.0431224e+01  -3.4832555e+01  -3.6834220e+01  -3.7990879e+01  -3.8841367e+01  -3.8973935e+01  -3.8220682e+01  -3.7639015e+01
   4.3902957e+00   5.7860383e+00   4.7258512e+00   9.3434105e-01  -8.8761171e-01   7.3049655e-02  -2.7548030e-01   6.7458909e-01
   5.5404821e+00   6.2871229e+00   5.9915453e+00   2.8211465e+00   4.6162557e-01   2.5072617e+00   7.6142134e-01   8.1004023e-01
   6.4934678e+00   4.7017580e+00   4.3618227e+00   2.6599065e+00   1.1236553e+00   1.1765868e+00  -8.4913184e-01   1.7776227e+00
   5.4626703e+00   6.8507695e+00   7.7665186e+00   6.0931552e+00   3.3955586e+00   4.0795290e+00   2.2945164e+00  -4.5660060e-01
   5.5255109e+00   4.3390862e+00   1.7979753e+00   2.0625506e+00   1.6689733e+00   1.0267487e+00  -1.0477867e+00  -1.0773261e+00
   3.0619922e+00   2.7458891e+00   1.6355139e+00   7.4454821e-01  -7.7784282e-01  -1.0044131e+00  -1.4917386e+00  -1.1963922e+00
   2.5448191e+00   2.5628931e+00   1.3621789e+00   1.1549270e-01  -6.3682845e-01  -8.3884743e-01  -1.4464295e+00  -1.2140222e+00
  -6.3559999e+00  -5.2341714e+00  -3.8152761e+00  -6.1649898e-01  -5.8370520e-01  -9.8438388e-01  -4.2742690e-01  -1.0333112e+00
  -7.4064029e+00  -4.6017667e+00  -5.0140348e+00  -2.3566889e+00  -1.9373778e+00  -1.7341932e+00  -1.0877903e-01  -1.1493546e+00
  -3.5063087e+00  -6.1495277e+00  -5.7134027e+00  -3.3794049e+00  -2.2752098e+00  -8.5478493e-01   1.6506077e+00   2.1143616e+00
  -5.8846089e+00  -6.3543521e+00  -6.4590148e+00  -6.6300255e+00  -4.5317882e+00  -2.5651599e+00  -1.6466656e+00  -7.8768215e-01
  -4.3807431e+00  -4.7051315e+00  -2.0016922e+00  -8.1008619e-01   7.9874802e-01   2.2128628e+00   1.3817905e+00   2.1349123e+00
  -4.0660657e+00  -4.3589055e+00  -3.7821540e-02   6.2124915e-01   1.1062636e+00   2.0152427e+00   2.1027519e+00   8.9959857e-01
  -2.5435853e+00  -2.3744376e+00   6.9727677e-01   9.2790066e-01   8.3984876e-01   1.8667787e+00   1.9374803e+00   9.1692117e-01
  -5.9579417e+01  -6.3410301e+01  -6.6109069e+01  -6.7734748e+01  -6.8866611e+01  -6.9793221e+01  -6.8790794e+01  -6.8197999e+01
  -5.9444816e+01  -6.2055640e+01  -6.4567573e+01  -6.6602333e+01  -6.7340296e+01  -6.8939781e+01  -6.8352365e+01  -6.7700371e+01
  -5.6882463e+01  -5.9929025e+01  -6.3872077e+01  -6.5664281e+01  -6.5507976e+01  -6.7037040e+01  -6.7346418e+01  -6.6852624e+01
  -4.8289594e+01  -4.9870336e+01  -5.1043460e+01  -5.1849615e+01  -5.4962854e+01  -5.5546677e+01  -5.7269025e+01  -5.8593094e+01
  -4.5722853e+01  -5.0355394e+01  -5.6162430e+01  -5.8754673e+01  -5.9381201e+01  -5.8213083e+01  -5.5888807e+01  -5.6233126e+01
  -4.2362210e+01  -4.9618157e+01  -5.1162546e+01  -5.2744755e+01  -5.3487446e+01  -5.4123998e+01  -5.2738878e+01  -5.2185922e+01
  -4.5156586e+01  -5.1811670e+01  -5.2775014e+01  -5.4728607e+01  -5.5221611e+01  -5.5614401e+01  -5.4427966e+01  -5.4015537e+01
  -5.9087838e+01  -6.2493859e+01  -6.5514488e+01  -6.5768737e+01  -6.7455768e+01  -6.7030176e+01  -6.7444562e+01  -6.7903036e+01
  -5.7747303e+01  -6.0473640e+01  -6.2883609e+01  -6.3441520e+01  -6.5897209e+01  -6.5936148e+01  -6.5644801e+01  -6.6416156e+01
  -5.5421885e+01  -5.8238390e+01  -6.3261774e+01  -6.4950728e+01  -6.7054948e+01  -6.7943808e+01  -6.6879075e+01  -6.6519363e+01
  -4.7359124e+01  -4.7442051e+01  -4.8067823e+01  -4.9949307e+01  -5.2916533e+01  -5.5278564e+01  -5.8474283e+01  -5.7980306e+01
  -4.6251257e+01  -5.1283953e+01  -5.6473044e+01  -5.7455067e+01  -5.8272327e+01  -5.8104722e+01  -5.6052851e+01  -5.5443005e+01
  -4.3270675e+01  -4.9853593e+01  -5.0950809e+01  -5.2549236e+01  -5.3237777e+01  -5.2828836e+01  -5.2879646e+01  -5.3327619e+01
  -4.5856254e+01  -5.1524281e+01  -5.2663785e+01  -5.4415802e+01  -5.4265414e+01  -5.4192082e+01  -5.4047910e+01  -5.4171212e+01
