   2.1724500e+00   4.8289617e+00   2.2008488e+00   4.8826196e+00   2.8625838e+00   2.6353331e+00   9.1560787e-01   1.5009527e+00
   5.2285455e+00   7.9061610e+00   4.8542918e+00   5.4096947e+00   2.8016115e+00   3.1177858e+00   1.3281360e+00   5.6094431e-01
   7.6449928e+00   7.0996548e+00   6.0147936e+00   1.6895050e+00   1.1758063e+00   1.7685311e+00  -1.1316746e+00   2.1473745e+00
   7.2267577e+00   9.8375665e+00   9.6127822e+00   4.0583842e+00   8.0367265e+00   5.6608382e+00   1.9306333e+00   7.3386500e+00
   7.5899790e+00   4.7314450e+00   3.1058828e+00   3.3208212e+00   1.4447476e+00   2.2057657e+00   1.9027162e+00   7.6617301e-01
   3.0016347e+00   3.3195501e+00   2.6984182e+00   3.9974560e+00   2.9182052e+00  -2.0475541e-01  -9.8732730e-01  -1.5277789e+00
   4.0477203e+00   4.0447172e+00   3.9668333e+00   3.9733160e+00   2.8204023e+00   1.5577560e-01  -2.4575486e-01  -3.5322663e-01
  -8.7936162e+00  -8.5865036e+00  -8.5549972e+00  -8.4394117e+00  -5.4065510e+00  -1.1221287e+00  -1.1360586e+00  -2.4349172e-01
  -9.7500202e+00  -1.0439503e+01  -9.0605205e+00  -8.6887764e+00  -6.6611363e+00  -2.3653330e-01  -1.4567850e+00  -8.3544009e-01
  -8.7405102e+00  -6.9049252e+00  -4.9124598e+00  -4.2939073e+00  -2.6946555e+00   1.0525383e-01  -2.4731426e+00  -2.7476738e+00
  -7.5230782e+00  -7.4699148e+00  -1.0744407e+01  -1.0319050e+01  -8.6532962e+00  -5.1472518e+00  -6.9710002e+00  -5.2865447e+00
  -8.2692362e+00  -6.4448946e+00  -5.0718161e+00  -5.5365767e+00  -1.6816829e+00  -1.7375036e+00  -4.4212641e-01  -1.6895981e+00
  -5.1727907e+00  -3.8269821e+00  -2.7597418e+00  -2.8242220e+00  -2.1187934e+00  -1.0199821e+00  -1.0581706e+00  -1.3500908e+00
  -3.8309675e+00  -1.7625553e+00  -2.2954338e+00  -2.7345773e+00  -1.2608146e+00  -1.2726194e+00   5.1954590e-01  -4.3659423e-02
   1.6023545e-01   1.7360533e-01   2.9264807e-01   5.5429031e-01   1.0051705e+00   5.2270481e-01  -4.0343633e-01   1.9044341e-01
   1.0199290e-01   1.3324613e-01   3.1177196e-01   5.1573658e-01   7.1068256e-01   5.4879241e-01  -3.8371496e-01  -2.7598182e-01
   9.8434633e-02   1.3260217e-02   4.4198478e-01   6.2058524e-01   7.2161197e-01   9.8819828e-01   8.6260993e-01   7.4211148e-01
   1.4617361e-01   1.8175458e-01   1.6978553e-01   1.9658830e-01   1.5139872e-01  -3.4398062e-02   1.5142450e-01   2.2587194e-01
  -1.6145547e-02  -4.5464053e-02  -2.7500877e-01  -1.1650417e-01  -1.1207223e-01  -1.5578807e-02   3.5155955e-01   2.2986899e-01
   9.8846213e-02   2.9049500e-01   3.1853048e-01   2.7475150e-01   1.9473207e-01  -1.0586372e-01  -1.9029472e-01   1.2453448e-01
   5.9812594e-02   2.9550793e-01   4.4327071e-01   5.6968152e-01   3.5135349e-01   1.0301357e-01  -2.8350750e-03   1.2481706e-01
   2.0697594e-01   2.0711422e-02   2.0697594e-01   2.0697594e-01   3.9324045e-01   3.9324045e-01   2.0711422e-02   2.0711422e-02
   2.0697594e-01   2.0711422e-02   2.0697594e-01   3.9324045e-01   2.0697594e-01   2.0697594e-01  -1.6555309e-01  -3.5181761e-01
   2.0697594e-01   2.0697594e-01   2.0697594e-01   2.0697594e-01   3.9324045e-01   5.7950497e-01   7.6576948e-01   3.9324045e-01
   2.0697594e-01   2.0697594e-01   2.0697594e-01   2.0697594e-01   2.0711422e-02  -1.6555309e-01   2.0697594e-01   2.0697594e-01
   2.0711422e-02   2.0711422e-02   2.0697594e-01   2.0711422e-02   2.0711422e-02   3.9324045e-01   9.5203400e-01   5.7950497e-01
   2.0697594e-01   3.9324045e-01   2.0697594e-01   2.0697594e-01   5.7950497e-01   2.0697594e-01   2.0711422e-02   2.0697594e-01
   2.0711422e-02   2.0697594e-01   2.0697594e-01   3.9324045e-01   7.6576948e-01   3.9324045e-01   3.9324045e-01   3.9324045e-01
  -4.2903874e+01  -4.7253388e+01  -4.9315840e+01  -5.1089917e+01  -5.3194255e+01  -5.4338084e+01  -5.4660264e+01  -5.4907376e+01
  -4.1070253e+01  -4.4928325e+01  -4.7256949e+01  -4.9164879e+01  -5.1559355e+01  -5.2672927e+01  -5.2793463e+01  -5.3281551e+01
  -3.9721035e+01  -4.4406767e+01  -4.8498975e+01  -5.0152054e+01  -5.1092478e+01  -5.1691542e+01  -5.1618352e+01  -5.1310488e+01
  -2.9789819e+01  -2.9744165e+01  -3.1131411e+01  -3.4483630e+01  -3.8422405e+01  -4.1584547e+01  -4.3430663e+01  -4.3557453e+01
  -2.9537660e+01  -3.5024537e+01  -4.0712246e+01  -4.2416030e+01  -4.3251163e+01  -4.3537302e+01  -4.3602650e+01  -4.3783996e+01
  -2.7792061e+01  -3.4767750e+01  -3.6891933e+01  -3.7207347e+01  -3.7792781e+01  -3.8849966e+01  -3.9666380e+01  -3.9909729e+01
  -3.0044883e+01  -3.6962160e+01  -3.7614188e+01  -3.7936712e+01  -3.8781908e+01  -4.0088529e+01  -4.1148251e+01  -4.1335639e+01
   3.2781589e+00   3.8008745e+00   1.6805663e+00   2.6767613e+00   1.4340964e+00   8.3942080e-01   1.1591430e+00   8.2257045e-01
   2.6553957e+00   3.3732639e+00   1.3962671e+00   3.5879777e+00   1.9907272e+00  -4.7210203e-02   1.0640074e+00   1.0916783e+00
   6.3110962e+00   4.5284539e+00   2.0799689e+00   2.4094761e+00   1.8673596e+00   2.0314913e+00  -8.9382548e-01  -1.0567041e+00
   6.1589506e+00   7.6831624e+00   7.0013349e+00   6.5646466e+00   4.8631455e+00   4.5483338e+00   8.4680826e-01  -2.4656678e+00
   6.6054078e+00   5.1675053e+00   2.4456387e+00   2.0531228e+00   2.8549694e+00   2.9614237e-01  -1.5106671e+00  -1.0341407e+00
   4.0802592e+00   2.5302564e+00  -5.2226539e-01  -2.6540648e-01  -6.0194883e-01   9.4158614e-01   2.9959676e-01   3.0751496e+00
   3.9796667e+00   6.7632844e-01  -1.3876700e+00  -6.5831688e-01  -9.0636010e-01   2.5625225e-01  -4.7185507e-01   2.3629356e+00
  -3.1988182e+00  -5.1313921e+00  -4.5107844e+00  -3.2848149e+00  -2.3120014e+00  -5.0254001e+00  -2.6634408e+00  -2.7448583e+00
  -4.4382851e+00  -5.0797523e+00  -5.5617977e+00  -4.3099287e+00  -3.0961450e+00  -5.4758816e+00  -2.6008501e+00  -2.4760701e+00
  -4.2794807e+00  -8.3590658e+00  -6.8249284e+00  -2.1644539e+00  -7.8557347e-01  -1.1752760e+00  -7.9750771e-01  -1.2215611e+00
  -8.4886536e+00  -8.0740231e+00  -6.6205704e+00  -5.3004938e+00  -4.9613509e+00  -3.4659639e+00  -1.1589101e+00  -3.3941349e+00
  -5.9833045e+00  -7.7628909e+00  -4.4632651e+00  -1.1703224e+00  -1.2189830e+00   1.6039892e+00   9.8643668e-01  -1.0718387e+00
  -4.9470311e+00  -4.4343341e+00  -1.0072344e+00  -8.0210616e-01   4.8576411e-01  -7.5248169e-01  -4.7080459e-01   6.4289167e-01
  -4.5906827e+00  -4.1575838e+00  -3.5880828e-01  -8.8563899e-01  -3.1659138e-02  -1.1769473e+00  -6.6080056e-01  -3.1584339e-01
  -5.8562168e+01  -6.4373886e+01  -6.7038440e+01  -6.9112867e+01  -6.9086915e+01  -7.0478334e+01  -7.0864119e+01  -7.0200323e+01
  -5.6787443e+01  -6.2784932e+01  -6.5780759e+01  -6.7950071e+01  -6.7899948e+01  -6.7923742e+01  -6.7585514e+01  -6.7647864e+01
  -5.7803146e+01  -6.2087410e+01  -6.5411212e+01  -6.7533936e+01  -6.9179373e+01  -6.9050484e+01  -6.7840900e+01  -6.7724641e+01
  -4.9455781e+01  -5.1661072e+01  -5.2046812e+01  -5.1919168e+01  -5.6501609e+01  -5.7741220e+01  -5.8486153e+01  -6.1021041e+01
  -4.6693291e+01  -5.0041820e+01  -5.6029080e+01  -5.8799986e+01  -6.1356698e+01  -6.0371156e+01  -5.9304871e+01  -5.9865038e+01
  -4.2605739e+01  -5.1207330e+01  -5.2450573e+01  -5.3251519e+01  -5.4977889e+01  -5.6219303e+01  -5.5510958e+01  -5.6508961e+01
  -4.4323361e+01  -5.3258536e+01  -5.3560668e+01  -5.4075883e+01  -5.5430287e+01  -5.7910745e+01  -5.7902497e+01  -5.8241218e+01
  -5.8695360e+01  -6.5611625e+01  -6.7276844e+01  -6.8444621e+01  -6.9627083e+01  -7.1651386e+01  -7.0640234e+01  -7.1284935e+01
  -5.7967495e+01  -6.5187496e+01  -6.6026072e+01  -6.6325044e+01  -6.9189933e+01  -7.0218453e+01  -6.8585920e+01  -7.0249826e+01
  -5.6274113e+01  -6.2252454e+01  -6.5661305e+01  -6.6444201e+01  -6.6048014e+01  -6.6560807e+01  -6.7376218e+01  -6.7636338e+01
  -4.8171878e+01  -4.8249065e+01  -5.0289290e+01  -5.1965500e+01  -5.6128485e+01  -5.7653589e+01  -6.0075638e+01  -6.2289748e+01
  -4.7009500e+01  -5.3161034e+01  -5.6747006e+01  -5.8929931e+01  -5.8391690e+01  -5.7354063e+01  -5.7727109e+01  -6.0983075e+01
  -4.1901745e+01  -4.9524281e+01  -5.3001999e+01  -5.2557987e+01  -5.2193795e+01  -5.4389514e+01  -5.5465412e+01  -5.4709335e+01
  -4.3751652e+01  -5.2930956e+01  -5.3665217e+01  -5.3590914e+01  -5.3298061e+01  -5.5675069e+01  -5.6178867e+01  -5.6152681e+01
