   9.3488014e+00   7.9003458e+00   8.4225375e+00   8.5416476e+00   4.6542954e+00   2.2978805e+00  -7.4293162e-02   1.0831079e+00
   9.5234820e+00   8.1200517e+00   8.2471926e+00   8.7115223e+00   5.1634200e+00   1.8474784e+00  -6.6230976e-01   4.2239636e-01
   9.5425466e+00   1.0056157e+01   9.2894089e+00   8.5364542e+00   7.9255571e+00   5.4326892e+00   8.9215895e-01   1.6928136e+00
   1.0338481e+01   1.2127850e+01   1.0313680e+01   8.0939451e+00   6.8031106e+00   6.1038998e+00   2.7992394e+00   1.5765493e+00
   1.3520534e+01   1.0369333e+01   9.0400196e+00   6.1950961e+00   8.4725840e-01   1.9008775e-01  -1.8843662e+00   1.3436282e+00
   1.1262649e+01   7.3441425e+00   7.7420644e+00   4.7242400e+00   9.5826153e-01   2.5852244e+00   3.4985245e+00   4.0260045e+00
   1.0517531e+01   6.5077959e+00   6.9340591e+00   5.2225833e+00   1.1759127e+00   2.6753129e+00   3.1003174e+00   3.5376679e+00
  -9.6114070e+00  -8.7018306e+00  -9.4943929e+00  -7.3871412e+00  -7.1383498e+00  -9.1870683e-02   1.5641519e+00  -8.3525321e-01
  -8.2365628e+00  -7.7811586e+00  -9.1690914e+00  -7.0577279e+00  -7.2776137e+00  -2.6137460e-02   1.1798218e+00  -1.1636337e+00
  -8.2511293e+00  -9.8529464e+00  -1.0893957e+01  -8.5316101e+00  -7.1950211e+00  -5.4515537e+00  -2.8073395e+00  -4.9087037e+00
  -1.3377433e+01  -1.1342334e+01  -1.1921870e+01  -8.5874821e+00  -7.5137999e+00  -5.3464782e+00  -3.7483523e+00  -6.8945799e+00
  -1.0260944e+01  -5.4329365e+00  -8.4087328e+00  -5.5056025e+00  -2.9504653e+00   7.0441727e-01   5.7976447e-01  -2.7517729e+00
  -8.7865750e+00  -1.1278815e+00  -3.6643761e+00  -2.1675659e+00  -7.5735426e-01   3.2460769e-01   1.5151381e+00  -1.4239079e+00
  -8.4064797e+00  -1.2676874e+00  -4.4097804e+00  -2.8420408e+00  -1.0048682e+00   2.9107484e-01   1.4009025e+00  -1.4301867e+00
   7.5811421e-02   7.8974605e-02  -3.9801634e-02  -1.6395775e-01  -2.9731014e-01  -2.7762966e-03  -1.9723359e-01  -5.6428163e-01
   5.9579839e-02   1.1280039e-01   4.7847455e-02  -1.6679697e-01  -3.3597774e-01  -1.7475843e-01  -4.0273767e-01  -7.3890779e-01
   6.7875213e-02   6.6787048e-02   5.5574989e-02  -2.6913217e-01  -2.0030128e-01  -3.3697439e-01  -7.0461561e-01  -4.2190920e-01
   7.0107322e-02   1.2899493e-02   2.7107543e-02   1.0414379e-02  -3.6396274e-02  -1.3458241e-01  -2.6357103e-01   7.2490975e-02
   6.7473832e-02  -2.8437783e-02   5.6840344e-02  -9.7126767e-03  -3.2976094e-02   3.8589893e-01   5.7651339e-01   1.5231276e-01
  -4.7104191e-02   1.7034110e-02   1.0320281e-01  -3.2416161e-03  -6.1756673e-02   3.7824054e-01   6.8152335e-03   2.8914363e-01
  -9.4956551e-02   7.9042032e-02   1.4182421e-01   1.1323019e-01   4.2021411e-02   4.4622590e-01   1.8491062e-02   4.0233742e-01
   5.6617260e-02   5.6617260e-02   5.6617260e-02   5.6617260e-02  -1.2964725e-01   2.4288177e-01   2.4288177e-01  -5.0217628e-01
   5.6617260e-02   5.6617260e-02   5.6617260e-02   5.6617260e-02  -1.2964725e-01   5.6617260e-02   5.6617260e-02  -1.0609698e+00
   5.6617260e-02   5.6617260e-02   5.6617260e-02  -1.2964725e-01  -1.2964725e-01  -1.2964725e-01  -3.1591177e-01  -1.2964725e-01
   5.6617260e-02   5.6617260e-02   5.6617260e-02   5.6617260e-02   5.6617260e-02   5.6617260e-02   5.6617260e-02   5.6617260e-02
   5.6617260e-02  -1.2964725e-01   5.6617260e-02   5.6617260e-02   5.6617260e-02   6.1541080e-01   1.3604689e+00   5.6617260e-02
  -1.2964725e-01  -1.2964725e-01   5.6617260e-02  -1.2964725e-01  -1.2964725e-01   6.1541080e-01   2.4288177e-01   6.1541080e-01
  -1.2964725e-01  -1.2964725e-01   5.6617260e-02   5.6617260e-02  -1.2964725e-01   6.1541080e-01   4.2914629e-01   8.0167532e-01
  -4.1331959e+01  -4.7774321e+01  -5.2747055e+01  -5.6617692e+01  -5.8892767e+01  -5.9716871e+01  -5.9803685e+01  -5.9835397e+01
  -4.0407481e+01  -4.7015598e+01  -5.1786021e+01  -5.5489433e+01  -5.7854907e+01  -5.8618320e+01  -5.8610629e+01  -5.8539658e+01
  -3.8249567e+01  -4.2581533e+01  -4.5898998e+01  -4.9232563e+01  -5.2560447e+01  -5.4148703e+01  -5.4489472e+01  -5.5318886e+01
  -3.2331993e+01  -3.4309960e+01  -3.6682307e+01  -4.0508963e+01  -4.5846268e+01  -4.8785357e+01  -5.0130802e+01  -5.1126973e+01
  -2.9250328e+01  -3.5387826e+01  -4.1062553e+01  -4.5198797e+01  -4.8082937e+01  -4.9139501e+01  -4.9487858e+01  -4.9734912e+01
  -3.0944717e+01  -4.0721915e+01  -4.6105993e+01  -4.7256939e+01  -4.7913832e+01  -4.8797834e+01  -4.9351062e+01  -4.9315815e+01
  -3.2847863e+01  -4.2856290e+01  -4.7160279e+01  -4.8161564e+01  -4.8849776e+01  -4.9758783e+01  -5.0291275e+01  -5.0139769e+01
   4.6935429e+00   7.5403678e+00   6.1876615e+00   2.5675974e+00   1.1638959e+00  -5.2928879e-02  -5.6217976e-01  -7.2390814e-01
   5.2836675e+00   7.8853786e+00   5.1683069e+00   1.1631098e+00   6.3560757e-01  -2.4558045e-01  -4.4597160e-01  -9.4371060e-01
   5.4638225e+00   6.4978058e+00   6.4519217e+00   4.6810994e+00   4.1888156e+00   2.4429455e+00   1.3710377e+00   6.1252961e-01
   6.8211062e+00   8.5316170e+00   9.7470545e+00   8.0873364e+00   6.1358830e+00   4.7122437e+00   1.3108941e+00   3.8272648e-01
   5.2334242e+00   5.9430993e+00   8.6893971e+00   6.1870476e+00   2.6135313e+00   9.8408637e-01   6.5769148e-01   7.9552976e-01
   7.9732754e+00   6.6397940e+00   2.1491146e+00   3.0945139e+00   2.3696779e+00  -6.0088879e-01  -2.2465131e+00  -5.5753662e-02
   8.2450732e+00   7.1479892e+00   2.3159144e+00   2.6388298e+00   2.3084346e+00  -2.0999992e-01  -1.9234315e+00  -3.0928383e-01
  -7.4274158e+00  -8.5077331e+00  -6.9982289e+00  -3.5193919e+00  -1.1107259e+00  -6.7602482e-01  -2.1591726e+00  -4.2277759e+00
  -7.8617830e+00  -8.8730159e+00  -7.4809032e+00  -3.1841421e+00  -6.7973053e-01  -1.5808200e-01  -2.2976144e+00  -4.2188241e+00
  -6.5799420e+00  -6.0566889e+00  -6.3073750e+00  -4.7592589e+00  -4.2294830e+00  -1.9387085e+00  -1.6268108e+00  -2.6647042e+00
  -6.2497814e+00  -7.3309310e+00  -7.2255445e+00  -6.9420187e+00  -5.2442920e+00  -2.2406304e+00  -1.9240141e-01  -1.6774747e+00
  -9.2598258e+00  -7.4537946e+00  -5.1824264e+00  -4.5643643e+00  -1.2882815e+00   7.3636706e-01  -6.2074613e-01   3.0211351e-01
  -8.4147443e+00  -7.3884704e+00  -2.3864439e+00  -1.9734855e+00  -9.5906701e-01   1.4517996e-01  -8.5151264e-01   8.2056484e-01
  -7.7123092e+00  -7.2003766e+00  -2.2387163e+00  -1.9959839e+00  -7.3058774e-01  -9.2522180e-02  -1.0045436e+00   7.7806950e-01
  -5.3854774e+01  -6.0683522e+01  -6.6153106e+01  -7.0543014e+01  -7.3135089e+01  -7.5204254e+01  -7.4800602e+01  -7.5342533e+01
  -5.2344872e+01  -5.9447592e+01  -6.5395081e+01  -6.9909589e+01  -7.1960043e+01  -7.3568177e+01  -7.3400735e+01  -7.3792714e+01
  -5.0512778e+01  -5.5552101e+01  -5.9658946e+01  -6.2352165e+01  -6.5376861e+01  -6.7242214e+01  -6.7933275e+01  -7.0196124e+01
  -4.7656583e+01  -4.9608670e+01  -5.0939283e+01  -5.3045264e+01  -5.8790919e+01  -6.2115592e+01  -6.3980087e+01  -6.5228594e+01
  -4.4947897e+01  -4.8609304e+01  -5.4305063e+01  -5.7790586e+01  -6.1343427e+01  -6.4470121e+01  -6.5060000e+01  -6.5082589e+01
  -4.3639285e+01  -5.2157119e+01  -5.9899332e+01  -6.0808048e+01  -6.1494977e+01  -6.4746206e+01  -6.7004001e+01  -6.6996375e+01
  -4.4711494e+01  -5.4226303e+01  -6.1061633e+01  -6.1958742e+01  -6.2362030e+01  -6.5413892e+01  -6.7602849e+01  -6.7490228e+01
  -5.4064958e+01  -6.0970427e+01  -6.7106692e+01  -7.0590251e+01  -7.5251364e+01  -7.4099483e+01  -7.3472579e+01  -7.4786398e+01
  -5.2474816e+01  -5.9642607e+01  -6.5902503e+01  -6.9428692e+01  -7.4595198e+01  -7.3614481e+01  -7.2469812e+01  -7.3777420e+01
  -5.1336215e+01  -5.7554557e+01  -6.1063472e+01  -6.3653701e+01  -6.7597816e+01  -6.9470935e+01  -6.9584975e+01  -7.1040508e+01
  -4.8479582e+01  -5.0273745e+01  -5.2437371e+01  -5.4083487e+01  -5.9996926e+01  -6.2808366e+01  -6.5470719e+01  -6.7588312e+01
  -4.3336319e+01  -4.7891657e+01  -5.5407126e+01  -5.8375089e+01  -6.3749067e+01  -6.3495938e+01  -6.4149066e+01  -6.7365817e+01
  -4.4993563e+01  -5.1285079e+01  -6.0007391e+01  -6.1934560e+01  -6.3550097e+01  -6.3198349e+01  -6.4190279e+01  -6.6398926e+01
  -4.7279510e+01  -5.3866718e+01  -6.1222957e+01  -6.3220626e+01  -6.4627928e+01  -6.4185166e+01  -6.4968925e+01  -6.7069733e+01
