   3.5977934e+00   3.8884295e-01   5.6147825e+00   2.2627429e+00  -7.0619952e+00   1.9846718e+00   2.9104838e+00   4.6366281e+00
   3.5494759e+00  -9.8974552e-02   6.4705216e+00   2.5281747e+00  -5.2729693e+00   2.2152030e+00   2.1758755e+00   3.0914323e+00
   5.1845922e+00   4.3597025e+00   5.2739197e+00   4.9768535e+00   1.5453921e+00   3.5692380e+00   1.6878167e+00   1.4811400e+00
   1.2525945e+01   1.1039761e+01   1.0815017e+01   7.0810361e+00   4.1536024e+00   4.9822098e+00   2.3095170e+00   7.8057026e-01
   1.0411954e+01   8.0894834e+00   4.9914032e+00   4.2480760e+00   6.1307096e-01   1.7960773e+00  -1.1856968e+00  -8.7335500e-03
   6.0192956e+00   3.7741967e+00   6.1560367e+00   3.1809334e+00   1.5602268e+00   4.0124536e-01  -2.7101533e+00  -8.2379844e-01
   5.5300725e+00   3.5367679e+00   4.4004497e+00   2.9367358e+00   1.6386114e+00  -9.6888070e-02  -3.2655439e+00  -1.2326960e+00
  -6.0337019e+00  -3.0159206e+00  -2.7696066e-01  -1.2033409e-01  -1.8337850e+00  -2.4129569e+00  -5.0329013e-01  -3.8200647e+00
  -6.2466819e+00  -3.5163751e+00  -2.1692589e+00  -6.2575136e-01  -1.7744228e+00  -1.1988921e+00  -6.5395019e-01  -3.4510245e+00
  -6.0369881e+00  -3.0876439e+00  -5.4263058e+00  -3.4370580e+00  -4.5764643e+00  -3.5973186e+00  -2.8648688e+00  -2.8850040e+00
  -1.3509129e+01  -1.0867109e+01  -1.2591057e+01  -7.6921982e+00  -7.7553877e+00  -6.5655124e+00  -3.8698676e+00  -2.3284984e+00
  -8.2920664e+00  -5.5968220e+00  -4.6781641e+00  -3.7327574e+00  -3.1753083e+00  -1.4000166e+00   1.2285007e+00   8.1601205e-01
  -7.6712362e+00  -6.2619892e+00  -3.3348639e+00  -2.6267454e+00  -1.5247354e+00  -1.5215858e+00   7.4638431e-01   1.3797708e+00
  -8.0725637e+00  -4.9572279e+00  -2.8964703e+00  -2.1174764e+00  -9.1425917e-01  -1.2485788e+00   7.3141103e-01   1.3847088e+00
   3.1252975e-01   3.9609288e+00   3.7532794e+00   8.7150166e-01  -5.5093113e-01   1.1256185e+00   9.0910468e-01   1.1815322e+00
   5.2891694e-01   3.1486623e+00   3.0840110e+00   1.1069187e+00  -8.3618595e-02   1.4996010e+00   1.2419592e+00   1.4916117e+00
   2.2253291e-01   1.4451320e+00   1.6936876e+00   6.7116807e-01   1.6258377e-01   2.2299762e+00   2.1501084e+00   1.7155565e+00
   7.7975866e-02   4.3224497e-01   5.6328944e-01   8.3684829e-01  -1.0397837e-01   4.2662093e-01   1.4138257e+00   1.3045436e+00
   1.3265837e-02   1.1396219e+00   1.2484425e+00   3.1706020e-01   3.9433913e-01   1.2713777e+00   1.1402848e+00   1.0997259e+00
  -9.7012075e-02   2.2367343e+00   1.8223826e+00   8.2371239e-01   1.0834744e+00   1.9968279e+00   1.5468038e+00   1.1860678e+00
  -2.4602026e-01   2.4474618e+00   2.0521347e+00   9.9515119e-01   1.3721043e+00   2.2290213e+00   1.7271430e+00   1.2755466e+00
   5.6617260e-02   3.7819076e+00   3.7819076e+00  -1.2964725e-01  -1.8060279e+00   6.1541080e-01   4.2914629e-01   1.5467334e+00
   2.4288177e-01   2.1055269e+00   2.4780560e+00   5.6617260e-02  -1.6197634e+00   8.0167532e-01   6.1541080e-01   1.5467334e+00
   5.6617260e-02   4.2914629e-01   6.1541080e-01   2.4288177e-01   2.4288177e-01   9.8793983e-01   8.0167532e-01   8.0167532e-01
   5.6617260e-02   5.6617260e-02   5.6617260e-02   5.6617260e-02   5.6617260e-02   2.4288177e-01   8.0167532e-01   6.1541080e-01
   5.6617260e-02   5.6617260e-02   5.6617260e-02   5.6617260e-02   5.6617260e-02   9.8793983e-01   1.1742043e+00   1.1742043e+00
   5.6617260e-02   6.1541080e-01   6.1541080e-01   2.4288177e-01   8.0167532e-01   2.4780560e+00   1.9192624e+00   1.3604689e+00
   5.6617260e-02   9.8793983e-01   8.0167532e-01   4.2914629e-01   1.1742043e+00   2.8505850e+00   2.2917914e+00   1.3604689e+00
  -3.6901873e+01  -3.7389706e+01  -4.1114910e+01  -4.4313214e+01  -4.5428163e+01  -4.4685531e+01  -4.3116209e+01  -4.4713422e+01
  -3.5320332e+01  -3.6089202e+01  -3.9084629e+01  -4.2147590e+01  -4.3587826e+01  -4.2865775e+01  -4.1575348e+01  -4.2925495e+01
  -3.2657506e+01  -3.3486728e+01  -3.5634567e+01  -3.8959797e+01  -4.0942647e+01  -4.0564071e+01  -4.0481784e+01  -4.1075838e+01
  -2.7126955e+01  -2.8994263e+01  -3.2193550e+01  -3.6580531e+01  -3.9949149e+01  -4.1275363e+01  -4.1751391e+01  -4.2283176e+01
  -2.9764771e+01  -3.3685398e+01  -3.9515949e+01  -4.2632590e+01  -4.3944760e+01  -4.4283964e+01  -4.3745252e+01  -4.3629942e+01
  -3.3070633e+01  -3.6942214e+01  -4.1082450e+01  -4.3356742e+01  -4.3899196e+01  -4.3907502e+01  -4.3466849e+01  -4.3628616e+01
  -3.4560219e+01  -3.7818151e+01  -4.1896133e+01  -4.4255442e+01  -4.4719465e+01  -4.4770263e+01  -4.4362601e+01  -4.4624764e+01
   3.7181520e+00   1.3245681e+00   5.5748779e-01   8.8864808e-01   2.0030452e-01  -3.9158144e+00  -2.4958268e-01   1.5662301e+00
   4.6022161e+00   1.7743908e+00  -3.9536186e-01   1.6941488e+00  -2.2493729e-01  -5.0308756e+00  -1.1649106e+00   5.4929161e-01
  -1.4923343e-01  -1.3979211e+00  -4.7543552e-02   1.8891284e+00  -1.0749106e+00  -4.9736984e+00  -2.4498934e+00  -7.8361351e-01
   4.4945994e+00   2.8175968e+00   4.9917704e+00   6.4456612e+00   2.6324210e+00  -7.0697575e-01   1.0784549e+00   8.8805340e-01
   3.6765097e+00   2.3586678e+00   3.9254863e+00   2.1710495e+00   4.2322806e-01  -2.1957742e+00  -2.3931348e+00  -2.0990773e+00
   3.6335909e+00   1.7339008e+00  -4.0323963e-01  -5.2354580e-01  -7.1489345e-01  -4.5226548e-01  -9.4805395e-02  -1.9219245e+00
   3.1652164e+00   1.6257603e+00  -2.5357885e-01  -4.1454760e-01  -6.1368462e-01   3.2618481e-01   6.5969899e-01  -1.3414938e+00
  -4.0388948e+00  -1.2359263e+00  -9.0645899e-01  -4.3658170e-01   4.9746090e-02  -3.0105038e+00  -3.5020747e+00   1.7048347e+00
  -4.4660332e+00  -1.9700060e+00  -1.0119605e+00  -2.9521805e-01   6.2344971e-01  -2.8694404e+00  -3.8269777e+00   6.2888051e-01
  -5.0890970e+00  -2.2251383e+00   5.5113778e-01  -7.7988437e-01  -2.7471352e-01  -8.6212586e-01  -3.6474289e+00  -2.0920637e+00
  -7.4209311e+00  -4.6844098e+00  -4.6975733e+00  -6.0665315e+00  -2.6127083e+00  -4.3143325e+00  -4.8898949e+00  -3.9939479e+00
  -7.4639693e+00  -3.8120222e+00  -4.9436846e+00  -3.7731935e+00   3.1399888e-01  -2.1690685e-01  -9.3269585e-01  -1.1944604e+00
  -6.5282517e+00  -2.0801872e+00  -1.3735200e+00  -1.3723487e+00  -3.5118361e-01   6.5598684e-01  -4.0841422e-02  -1.5146165e+00
  -6.3723524e+00  -3.0039856e+00  -1.1759450e+00  -1.4895529e+00  -4.7579960e-01   4.2094346e-01  -1.1664871e-01  -1.6888310e+00
  -5.2148143e+01  -5.2840446e+01  -5.6317529e+01  -5.6780854e+01  -5.5748459e+01  -5.8788604e+01  -5.7023074e+01  -6.1067060e+01
  -5.0152852e+01  -5.1378994e+01  -5.4890690e+01  -5.5560998e+01  -5.4695043e+01  -5.7392394e+01  -5.5497777e+01  -5.8446458e+01
  -4.8245527e+01  -4.9640117e+01  -5.2526435e+01  -5.6156077e+01  -5.5798535e+01  -5.6254643e+01  -5.5129574e+01  -5.5016684e+01
  -4.5099117e+01  -4.6269932e+01  -4.9077040e+01  -5.0934316e+01  -5.4656942e+01  -5.6325128e+01  -5.8043323e+01  -5.8141056e+01
  -4.5147520e+01  -4.7815643e+01  -5.3861162e+01  -5.7112908e+01  -5.8140817e+01  -5.8807384e+01  -5.9065798e+01  -5.9486318e+01
  -4.5286782e+01  -5.0673222e+01  -5.6845050e+01  -5.8978754e+01  -5.9270266e+01  -5.9007416e+01  -5.8683601e+01  -5.8843205e+01
  -4.6583706e+01  -5.2161782e+01  -5.8010268e+01  -5.9684988e+01  -6.0079595e+01  -5.9828888e+01  -5.9461818e+01  -5.9456070e+01
  -5.1924209e+01  -5.2042899e+01  -5.6325450e+01  -5.9952647e+01  -6.2962790e+01  -5.9227006e+01  -5.5227917e+01  -5.8851693e+01
  -5.0045891e+01  -5.0235731e+01  -5.4436138e+01  -5.7919960e+01  -6.0920260e+01  -5.7406517e+01  -5.3820258e+01  -5.6966463e+01
  -4.7557379e+01  -4.8704356e+01  -5.2193595e+01  -5.4592428e+01  -5.6415227e+01  -5.6452476e+01  -5.4460961e+01  -5.5283975e+01
  -4.6056407e+01  -4.7305865e+01  -5.0040665e+01  -5.2137042e+01  -5.5897827e+01  -5.6595441e+01  -5.6907785e+01  -5.8042486e+01
  -4.3898054e+01  -4.7355856e+01  -5.4930248e+01  -5.8469320e+01  -6.0457575e+01  -6.0814344e+01  -5.9879670e+01  -5.9969935e+01
  -4.6023237e+01  -5.1477672e+01  -5.6272918e+01  -5.8400416e+01  -5.9002133e+01  -6.0425668e+01  -5.9770397e+01  -5.9010402e+01
  -4.8020822e+01  -5.2582569e+01  -5.7259407e+01  -5.9037572e+01  -5.9596609e+01  -6.1193111e+01  -6.0564937e+01  -5.9597455e+01
