   6.2778221e+00   3.3065309e+00   2.6340726e-01   4.2449971e+00   1.5462313e+00   1.7943912e+00   6.0532947e-01   3.3712061e-03
   5.2651325e+00   2.7059033e+00  -2.0949464e-02   4.1443223e+00   1.6034546e+00   9.7480999e-01   9.6865897e-02   9.6838225e-01
   3.4936860e+00   3.7109081e+00   2.7658404e+00   7.2533539e+00   7.0330749e+00   3.2288013e+00   5.5478950e-01   3.3508518e+00
   1.0918250e+01   8.4649527e+00   6.8626649e+00   7.7250248e+00   1.0528037e+01   6.5120677e+00   4.0178623e+00   6.7749945e+00
   6.4153357e+00   4.6211588e+00   4.7731346e+00   1.8722406e+00   7.8601411e-01   1.9799325e+00   1.0373440e+00   1.8421643e+00
   5.2327297e+00   1.9060056e+00   4.4632176e+00   2.2594686e+00  -1.6586519e+00  -1.4547888e-02  -2.4576833e-01   2.0392126e+00
   5.1696906e+00   2.3804460e+00   5.3373020e+00   2.0614876e+00  -1.4284248e+00  -7.6584210e-01  -3.6940341e-01   2.5343056e+00
  -1.0929547e+01  -4.9218592e+00  -3.6355555e+00  -5.7092505e+00  -2.2514417e+00  -2.2051687e+00  -1.9353920e+00  -1.2837208e+00
  -9.7174873e+00  -3.7351277e+00  -2.8724107e+00  -5.3458156e+00  -2.2378817e+00  -1.8435377e+00  -1.8882245e+00  -1.4718683e+00
  -7.6987132e+00  -3.0657406e+00  -4.5151687e+00  -7.1112315e+00  -5.0350436e+00  -4.0189163e+00  -3.6885573e+00  -3.5561927e+00
  -1.0708927e+01  -9.0577354e+00  -9.6619313e+00  -8.1717749e+00  -8.0943526e+00  -7.8857926e+00  -5.6089114e+00  -3.9056024e+00
  -7.6328231e+00  -6.2897205e+00  -8.0821102e+00  -5.9756847e+00  -4.5258610e+00  -2.9327969e+00  -9.6773879e-01  -1.1902966e+00
  -2.4960749e+00  -1.0857572e+00  -4.0585497e+00  -3.6701749e+00  -1.9689893e+00  -1.8729050e+00  -4.2328994e-01   3.9897226e-01
  -1.8651735e+00   4.0824524e-02  -3.3553968e+00  -2.8782705e+00  -1.7014536e+00  -2.0505829e+00  -6.9260792e-01   4.9209548e-01
   4.0122383e-01   4.2048913e-01  -3.8862930e-02   4.0831530e-01   1.2778148e+00  -5.4645175e-01  -9.3375683e-01   4.7399650e-01
   3.4141244e-01   3.1560740e-01  -2.2753073e-02   2.1822111e-01   9.1671465e-01  -5.8202231e-01  -8.2724401e-01   4.2089997e-01
   2.6945826e-02  -2.6569796e-01  -3.6207389e-01   9.3477902e-02   2.0299902e-01  -3.8678305e-01  -4.1736915e-01   5.2532899e-02
  -1.7379576e-02  -2.4229092e-01  -4.1017955e-01  -2.4038482e-01   2.1435493e-01   3.4139855e-01   6.1046636e-01   8.3256715e-01
   1.6851279e-01   4.5347337e-02  -1.7657135e-01  -3.7829454e-01   2.4827825e-01   2.6739138e-01   6.6696185e-02   3.0902393e-01
   3.2380161e-01   2.1350886e-01   3.5631900e-01   2.5114081e-01   1.0149724e-01  -8.1846466e-02  -2.8420247e-01   6.6898523e-01
   4.3860484e-01   2.9476315e-01   4.1549335e-01   4.0074035e-01   1.4337162e-01  -7.6078708e-02  -2.4092238e-01   7.1931365e-01
   5.6617260e-02   2.4288177e-01  -1.2964725e-01   4.2914629e-01   2.8505850e+00   4.2914629e-01  -1.0609698e+00   1.3604689e+00
   5.6617260e-02   2.4288177e-01  -1.2964725e-01   2.4288177e-01   1.9192624e+00   2.4288177e-01  -8.7470531e-01   9.8793983e-01
   2.4288177e-01   5.6617260e-02  -1.2964725e-01   5.6617260e-02   5.6617260e-02   5.6617260e-02  -1.2964725e-01  -1.2964725e-01
   5.6617260e-02  -1.2964725e-01  -1.2964725e-01  -1.2964725e-01   5.6617260e-02   5.6617260e-02   5.6617260e-02   5.6617260e-02
   2.4288177e-01   5.6617260e-02   5.6617260e-02  -1.2964725e-01   4.2914629e-01   6.1541080e-01   5.6617260e-02   6.1541080e-01
   2.4288177e-01   2.4288177e-01   5.6617260e-02   2.4288177e-01   4.2914629e-01   4.2914629e-01   5.6617260e-02   6.1541080e-01
   4.2914629e-01   2.4288177e-01   5.6617260e-02   2.4288177e-01   4.2914629e-01   4.2914629e-01   5.6617260e-02   6.1541080e-01
  -4.0621505e+01  -4.3876460e+01  -4.5112125e+01  -4.6704692e+01  -4.7833500e+01  -4.8209405e+01  -4.8892714e+01  -4.8888489e+01
  -3.8003386e+01  -4.0688004e+01  -4.1835745e+01  -4.4075939e+01  -4.5717707e+01  -4.5918418e+01  -4.6353243e+01  -4.6356605e+01
  -3.4448314e+01  -3.6369239e+01  -3.7317517e+01  -4.0040874e+01  -4.2224702e+01  -4.2867510e+01  -4.3327680e+01  -4.3190394e+01
  -3.1795685e+01  -3.4743680e+01  -3.7653919e+01  -3.9954701e+01  -4.1529003e+01  -4.3787418e+01  -4.5741572e+01  -4.5622563e+01
  -3.1478693e+01  -3.7406353e+01  -4.1853022e+01  -4.3959673e+01  -4.3908779e+01  -4.4477952e+01  -4.5535839e+01  -4.6257420e+01
  -3.3790840e+01  -4.0246455e+01  -4.2200346e+01  -4.3437543e+01  -4.3178505e+01  -4.2841114e+01  -4.3749530e+01  -4.4260791e+01
  -3.5635583e+01  -4.1467501e+01  -4.2861547e+01  -4.4143774e+01  -4.3871645e+01  -4.3476659e+01  -4.4357276e+01  -4.4795607e+01
   3.9375571e+00   9.6227709e-01  -1.0188938e+00  -2.3969962e-01   2.8858183e+00  -3.3326455e+00  -2.2976893e+00   4.8038992e-01
   3.4341926e+00   4.8247729e-01  -7.2819256e-01  -3.0389541e-01   1.6310332e+00  -3.1059312e+00  -1.5078229e+00   7.6549417e-01
   3.1157671e+00  -3.7290193e-01   3.9855542e-01  -2.0751293e-01  -4.4186827e-01  -1.7990860e+00   2.9344308e-01   6.9451423e-01
   6.0461990e+00   7.3032533e+00   7.3408232e+00   5.9460336e+00   3.3184388e+00   4.7517772e+00   2.3546647e+00  -8.0242131e-01
   7.1013848e+00   6.9537822e+00   6.3464940e+00   7.0249239e+00  -1.4289685e-01  -2.8027021e+00  -2.6084244e+00  -1.5868588e+00
   6.2047935e+00   5.7734170e+00   2.5166878e+00   3.7303556e+00   6.3887020e-01  -1.6157510e+00  -1.6262270e+00  -1.1360288e+00
   5.4146163e+00   4.7339505e+00   1.7156580e+00   2.9628331e+00   6.4968142e-01  -1.7463672e+00  -1.9236825e+00  -1.4715636e+00
  -3.1267376e+00  -3.2957554e+00  -7.0797647e-01   1.5734694e+00  -2.2543864e-01  -1.2014238e+00  -2.9527587e-03   2.2777579e+00
  -3.1885822e+00  -1.7540169e+00  -2.4930349e-01   1.3652880e+00  -4.7469814e-02  -9.0139954e-01   6.5347791e-01   2.2792376e+00
  -4.7437719e+00  -8.4058959e-01   1.5799509e-01  -1.9143328e-01  -1.8238425e+00  -1.3644218e-01   1.8164443e+00   2.4239459e+00
  -6.8532397e+00  -5.0990904e+00  -3.1439664e+00  -4.2293449e+00  -5.5513001e+00  -3.6980720e+00  -3.1459744e+00  -2.5703844e-01
  -3.8659871e+00  -4.6678794e+00  -3.6689112e+00  -3.4208136e+00  -2.0215967e+00  -7.1854703e-01  -3.9535275e-01  -5.7598004e-01
  -4.8687235e+00  -3.9337323e+00  -1.1553835e+00  -1.4533326e-01   1.0335580e-02   1.0993767e+00   8.8940424e-01   1.4431798e+00
  -5.4343258e+00  -4.0972835e+00  -7.4165525e-01   3.8247412e-01   2.3664808e-01   1.4439941e+00   1.1013684e+00   1.8980178e+00
  -5.3547004e+01  -5.6728582e+01  -5.8459671e+01  -6.1999947e+01  -6.3247561e+01  -6.4029644e+01  -6.4514887e+01  -6.4252096e+01
  -5.0860069e+01  -5.3818628e+01  -5.5290143e+01  -5.9307770e+01  -6.1097925e+01  -6.1434082e+01  -6.1547099e+01  -6.1994124e+01
  -4.7259187e+01  -5.0353941e+01  -5.1077663e+01  -5.5608294e+01  -5.8068982e+01  -5.7675389e+01  -5.7604832e+01  -5.8614117e+01
  -4.6976376e+01  -4.7775764e+01  -4.8798955e+01  -5.1546885e+01  -5.6794037e+01  -5.7408784e+01  -6.0396759e+01  -6.2175920e+01
  -4.3891954e+01  -4.8340165e+01  -5.3059630e+01  -5.6288588e+01  -5.9307785e+01  -6.1313419e+01  -6.1341116e+01  -6.2220345e+01
  -4.4851017e+01  -5.1637358e+01  -5.6338023e+01  -5.7711714e+01  -5.7840386e+01  -5.8583243e+01  -5.9535120e+01  -6.0047632e+01
  -4.7181046e+01  -5.3701707e+01  -5.7381595e+01  -5.8661924e+01  -5.8378012e+01  -5.9142105e+01  -6.0514362e+01  -6.0823272e+01
  -5.5952484e+01  -5.8247728e+01  -6.0346924e+01  -6.4738924e+01  -6.4071456e+01  -6.3019748e+01  -6.4540839e+01  -6.6448462e+01
  -5.3478040e+01  -5.5629167e+01  -5.7081322e+01  -6.1512645e+01  -6.1705173e+01  -6.0788566e+01  -6.2233776e+01  -6.4134739e+01
  -4.8651020e+01  -5.0952259e+01  -5.3087651e+01  -5.6791432e+01  -5.8564478e+01  -5.9023872e+01  -6.0226877e+01  -6.1381763e+01
  -4.7422721e+01  -5.0714487e+01  -5.2869174e+01  -5.4478167e+01  -5.7413611e+01  -6.0194387e+01  -6.2654841e+01  -6.2482244e+01
  -4.3326041e+01  -4.9117949e+01  -5.6179744e+01  -5.8459305e+01  -5.9186236e+01  -5.9989239e+01  -6.2032877e+01  -6.2587902e+01
  -4.2593964e+01  -5.0960223e+01  -5.7167228e+01  -5.8492483e+01  -5.7938349e+01  -5.8638204e+01  -5.9806525e+01  -6.0568602e+01
  -4.3759701e+01  -5.2260177e+01  -5.7892917e+01  -5.9206215e+01  -5.8501320e+01  -5.9569269e+01  -6.0528855e+01  -6.1211595e+01
