   6.9895186e+00   5.9628118e+00   3.2820234e+00   5.1839333e+00   4.8371102e+00   2.7484214e+00   1.2902014e+00  -5.7930718e-01
   6.4884170e+00   5.2023589e+00   3.3167826e+00   4.6818632e+00   3.0756758e+00   1.5242974e+00   8.0710916e-01  -5.7970866e-01
   8.7012210e+00   7.9989764e+00   3.7539978e+00   5.0103127e+00   5.5801024e+00   4.1227041e+00   2.1997108e+00   9.8800031e-01
   1.2257064e+01   7.7557482e+00   2.7968539e+00   6.4791228e+00   9.1401686e+00   6.3984214e+00   4.2458145e+00   3.6826431e+00
   6.4794286e+00   3.9095064e+00   3.1760828e+00   5.9783770e+00   6.4703298e+00   2.1409903e+00  -8.0983472e-01  -1.2142050e+00
   4.3370235e+00   2.7911423e+00   8.7844126e+00   5.9058001e+00   3.6774592e+00   1.6023864e+00  -2.1201625e+00  -2.4437884e+00
   3.5959655e+00   2.7987167e+00   8.5706174e+00   5.3100613e+00   2.7571833e+00   1.5032291e+00  -2.1281391e+00  -2.2321390e+00
  -1.2490540e+01  -9.4793095e+00  -6.2341274e+00  -4.7183323e+00  -2.1086989e+00   5.3346430e-01   2.1407663e+00   1.2033572e+00
  -1.1796468e+01  -9.2575622e+00  -6.1180788e+00  -4.1149006e+00  -2.8210451e+00  -2.6170221e-01   1.5342927e+00   1.0829641e+00
  -8.9560721e+00  -9.0169122e+00  -7.7454288e+00  -6.3427042e+00  -6.5343912e+00  -4.5982263e+00  -1.1142488e+00  -8.3344821e-01
  -1.2139589e+01  -1.1781905e+01  -1.2032845e+01  -1.0199988e+01  -9.4268705e+00  -5.6399651e+00  -4.5337419e+00  -5.1299849e+00
  -9.3270118e+00  -8.8080074e+00  -1.0426383e+01  -6.9385931e+00  -2.4747011e+00   1.5395145e+00   7.7706433e-01  -7.0167170e-01
  -6.1153107e+00  -5.4405349e+00  -4.1561857e+00  -1.7649799e+00   1.4679736e+00   2.4493334e+00   1.0941340e+00  -1.9036816e-01
  -5.7533815e+00  -4.6251454e+00  -3.8780645e+00  -1.4367304e+00   1.8357612e+00   2.3558726e+00   1.0094227e+00  -1.3522810e-01
   2.1465878e-01  -1.1737406e-01  -4.7374868e-01  -2.3570275e-01  -3.1784303e-01   1.9151585e-01   4.7464926e-01   9.3868038e-01
   2.6421161e-01  -2.1520308e-01  -7.3261954e-01  -3.8341472e-01  -9.4483421e-02   3.8263406e-02   4.6631624e-02   7.4141504e-01
   3.8978374e-02  -4.6052750e-01  -9.3218765e-01  -4.3012589e-01   1.4925755e-01  -3.7795027e-01  -8.1751512e-01  -4.4709918e-02
  -7.9009843e-02  -7.1872328e-02  -1.3317755e-01  -1.6868945e-01  -1.4345424e-01  -3.0082573e-01  -1.6738632e-01   3.3853077e-01
  -3.0715475e-02   6.6603896e-03   9.3333447e-02   2.6338830e-01   3.1117656e-01   8.7583708e-02   5.2822023e-01   1.0651172e+00
   1.1758363e-01   8.0597858e-01   1.2249156e+00   9.3131302e-01   6.3224837e-01   8.9801448e-01   1.4326990e+00   1.4624602e+00
   2.3032723e-01   1.1875043e+00   1.4152064e+00   1.1270570e+00   7.1990874e-01   1.1372542e+00   1.6730341e+00   1.6934116e+00
   5.6617260e-02   5.6617260e-02   5.6617260e-02   5.6617260e-02   5.6617260e-02   2.4288177e-01   9.8793983e-01   1.7329979e+00
   2.4288177e-01   2.4288177e-01  -1.2964725e-01  -1.2964725e-01   2.4288177e-01   5.6617260e-02   4.2914629e-01   1.5467334e+00
   5.6617260e-02   5.6617260e-02  -1.2964725e-01  -1.2964725e-01   2.4288177e-01   5.6617260e-02  -1.2964725e-01   2.4288177e-01
   5.6617260e-02   5.6617260e-02   5.6617260e-02  -1.2964725e-01   5.6617260e-02   5.6617260e-02   5.6617260e-02   2.4288177e-01
   5.6617260e-02   5.6617260e-02   5.6617260e-02   5.6617260e-02   2.4288177e-01   2.4288177e-01   1.3604689e+00   2.1055269e+00
   5.6617260e-02   2.4288177e-01   4.2914629e-01   9.8793983e-01   1.3604689e+00   2.1055269e+00   3.2231140e+00   2.8505850e+00
   2.4288177e-01   2.4288177e-01   6.1541080e-01   1.3604689e+00   1.5467334e+00   2.6643205e+00   3.5956430e+00   3.2231140e+00
  -4.0132821e+01  -4.4143605e+01  -4.7017156e+01  -4.9538135e+01  -5.0915830e+01  -5.1317952e+01  -5.1421358e+01  -5.1311031e+01
  -3.7826636e+01  -4.1170039e+01  -4.3606642e+01  -4.6704878e+01  -4.8438920e+01  -4.8654236e+01  -4.8728314e+01  -4.8700758e+01
  -3.4242953e+01  -3.6705808e+01  -3.8880461e+01  -4.2334773e+01  -4.4911423e+01  -4.5397337e+01  -4.5491251e+01  -4.5531671e+01
  -3.0752220e+01  -3.3221379e+01  -3.6924868e+01  -4.0505134e+01  -4.3687515e+01  -4.5780638e+01  -4.6722532e+01  -4.6826841e+01
  -3.2503132e+01  -3.7502513e+01  -4.1730731e+01  -4.4022855e+01  -4.5653302e+01  -4.5596669e+01  -4.4889508e+01  -4.4463926e+01
  -3.4488356e+01  -4.0258554e+01  -4.2853449e+01  -4.3245852e+01  -4.3579190e+01  -4.3172249e+01  -4.2501440e+01  -4.1229454e+01
  -3.5997299e+01  -4.1204033e+01  -4.3419696e+01  -4.3740693e+01  -4.4017326e+01  -4.3569827e+01  -4.2934558e+01  -4.1572679e+01
   5.5123415e+00   2.5803609e+00   2.2625388e+00   6.4024257e-01  -3.0544142e+00  -1.4240205e+00   2.8993900e-01   2.5843674e+00
   4.4133827e+00   1.0686894e+00   1.3821222e+00   8.4798797e-01  -2.6330217e+00  -1.1200179e+00   3.8917846e-01   2.4846045e+00
   2.7347974e+00   1.7457721e-01   1.7634931e+00   2.0784976e+00   2.0473692e-01  -5.9454140e-01   2.2637396e-01   1.6335301e+00
   6.6198211e+00   7.1036744e+00   8.7315761e+00   5.2682679e+00   1.5484354e+00   2.9027740e+00   3.1390159e+00   4.6886402e-01
   7.3945336e+00   6.4057492e+00   6.5055501e+00   3.2923615e+00  -1.4444918e+00   2.2680246e+00   1.4411317e+00   4.1438508e-01
   6.5865002e+00   4.0739010e+00  -1.1500269e+00  -8.4675162e-01  -2.9350774e+00  -2.8948254e-02   1.2011441e+00   4.6157659e-01
   6.2059973e+00   3.2650270e+00  -1.2082300e+00  -3.9434052e-01  -2.4270981e+00  -2.2531669e-01   1.0947378e+00   3.7121489e-01
  -4.2370257e+00  -1.6384476e+00  -1.6177252e+00  -8.6681600e-01  -2.7490031e-01  -4.7370593e-01  -1.8731841e+00  -1.0918653e+00
  -3.5849599e+00  -1.3849748e+00  -1.1296345e+00  -1.0478839e+00  -5.5441560e-01  -5.9863105e-01  -2.0201138e+00  -1.1150436e+00
  -4.0633527e+00  -1.2196413e+00  -1.3534540e-01  -5.2851065e-01  -1.8427393e+00  -4.3486102e-01  -1.3406776e+00  -1.1721950e+00
  -7.3829550e+00  -5.6948833e+00  -4.2909768e+00  -3.2889427e+00  -3.7312352e+00  -3.0083854e+00  -4.9921234e-01   1.9654337e+00
  -5.1109788e+00  -4.6025110e+00  -9.8058933e-02  -2.1539593e+00  -3.1432704e+00  -1.9610219e+00  -8.3069149e-01   3.9254807e-01
  -4.8303885e+00  -3.6868679e+00   2.3197740e+00  -2.1090686e+00  -3.5760935e+00  -1.3700706e+00  -1.5898439e+00  -9.8248187e-01
  -5.0951827e+00  -4.0036974e+00   2.2653509e+00  -1.8178423e+00  -3.2078668e+00  -1.0161413e+00  -1.4453635e+00  -1.1318056e+00
  -5.4005677e+01  -5.8311970e+01  -6.1630069e+01  -6.5451072e+01  -6.8964706e+01  -6.7619178e+01  -6.7556633e+01  -6.6841915e+01
  -5.1893357e+01  -5.6073136e+01  -5.8253035e+01  -6.2131528e+01  -6.6731329e+01  -6.4776203e+01  -6.4302281e+01  -6.4087404e+01
  -4.8438256e+01  -5.2023342e+01  -5.2978177e+01  -5.6824033e+01  -6.2201885e+01  -6.1222799e+01  -6.0637488e+01  -6.1449616e+01
  -4.5807023e+01  -4.6691444e+01  -4.9508056e+01  -5.2516976e+01  -5.8625869e+01  -5.9190477e+01  -6.2233244e+01  -6.3417550e+01
  -4.3549835e+01  -4.8258651e+01  -5.5156730e+01  -5.7998406e+01  -6.1912117e+01  -6.0338670e+01  -6.0574969e+01  -6.0097097e+01
  -4.4468654e+01  -5.1128249e+01  -5.9810025e+01  -6.0003372e+01  -6.0228630e+01  -5.9467496e+01  -5.8666566e+01  -5.6599406e+01
  -4.6333489e+01  -5.2757137e+01  -6.0397612e+01  -6.0362616e+01  -6.0486237e+01  -6.0107819e+01  -5.9375801e+01  -5.7007896e+01
  -5.5698878e+01  -5.9729992e+01  -6.2693944e+01  -6.6116644e+01  -6.7459894e+01  -6.6328226e+01  -6.4865494e+01  -6.5646202e+01
  -5.2871102e+01  -5.6478011e+01  -5.9702302e+01  -6.3620794e+01  -6.5298859e+01  -6.4141180e+01  -6.2570299e+01  -6.3067148e+01
  -4.8461434e+01  -5.1889113e+01  -5.5461393e+01  -6.0014608e+01  -6.1595038e+01  -6.1887267e+01  -6.0327854e+01  -6.0331283e+01
  -4.8012089e+01  -4.9742580e+01  -5.2834904e+01  -5.6570098e+01  -5.8931510e+01  -6.0048855e+01  -6.2927295e+01  -6.4287961e+01
  -4.6635265e+01  -5.0993405e+01  -5.7477376e+01  -5.9671395e+01  -6.1461301e+01  -6.1267446e+01  -6.0486110e+01  -6.0271682e+01
  -4.5865810e+01  -5.3766704e+01  -5.8202575e+01  -5.7804954e+01  -5.9780315e+01  -5.9119075e+01  -5.7897318e+01  -5.7147523e+01
  -4.7003607e+01  -5.4883386e+01  -5.8882343e+01  -5.8420085e+01  -6.0287409e+01  -5.9525970e+01  -5.8500133e+01  -5.7651806e+01
