   8.0089687e+00   8.1415407e+00   7.1894891e+00   7.7639756e+00   4.8582691e+00   7.3713018e+00   8.2365270e+00   1.0388599e+01
   7.7028550e+00   8.0395043e+00   7.1233944e+00   6.1963609e+00   4.5448867e+00   7.6432337e+00   8.7164931e+00   1.0633773e+01
   9.2071660e+00   9.3553658e+00   6.4290832e+00   6.1353193e+00   8.1102589e+00   8.5160317e+00   8.2122068e+00   7.0197997e+00
   5.1038687e+00   6.2541031e+00   7.8266065e+00   8.0655844e+00   8.8014717e+00   9.5012303e+00   7.5415297e+00   5.8810663e+00
   6.9526936e+00   6.9094992e+00   7.6576599e+00   4.8960476e+00   4.1723290e+00   4.5173480e+00   4.0511166e+00   4.7807386e+00
   6.4797209e+00   3.5136533e+00   6.6641348e+00   3.5779923e+00   5.7137853e+00   4.1326011e+00   1.9452183e+00   7.2447908e-01
   6.3984541e+00   3.8428677e+00   7.2817305e+00   4.9135434e+00   8.0833696e+00   9.8808025e+00   3.5187910e+00  -2.1412466e+00
  -6.6799599e+00  -3.1569058e+00  -8.5978686e-01  -8.2543235e-01   3.1125363e-01  -8.2294785e-01  -4.6526694e-01  -2.8056630e-01
  -6.4768756e+00  -2.2827491e+00  -2.9297767e-01   1.6598102e-01  -6.1754363e-03  -1.8100274e+00  -1.6764572e+00  -1.3630065e+00
  -1.0228596e+01  -6.8762810e+00  -3.9927378e+00  -4.0478897e+00  -5.0850399e+00  -5.1394783e+00  -4.7471089e+00  -4.5452647e+00
  -1.0149989e+01  -1.1321683e+01  -8.8752947e+00  -6.8536323e+00  -7.2997599e+00  -5.2284301e+00  -3.2654583e+00  -6.8977111e+00
  -5.0493277e+00  -4.2915377e+00  -7.7422367e+00  -4.3730901e+00  -4.3107396e+00  -5.4327176e+00  -5.0764470e+00  -2.9085008e+00
  -7.6350937e+00  -1.7938748e+00  -3.8414904e+00  -4.7557314e+00  -5.2524457e+00  -1.3303860e+00   1.3564633e+00  -2.3965579e+00
  -5.3382989e+00   3.7776629e-02  -3.9129959e+00  -5.4728342e+00  -6.5037678e+00  -1.1490420e+00   1.2804506e+00  -2.1471786e+00
   2.4044936e-01   3.6378936e-01   5.9102446e-01   9.0351098e-01   1.1966078e+00   1.2230595e+00   1.1906846e+00   1.1593593e+00
   2.4248427e-01   3.8094436e-01   7.0790423e-01   9.8094480e-01   1.1369300e+00   1.1375546e+00   1.0756949e+00   1.0403346e+00
   5.0246125e-02   2.2793540e-02   1.4610568e-01   1.7675151e-01   5.1372380e-02   3.0421667e-02   1.9629907e-01   3.3000874e-01
   1.0332745e-01   1.4149909e-01   2.0020971e-01   2.2176519e-01   2.2076483e-01   4.2002859e-01   1.7429850e-01   6.5701876e-02
   3.0662461e-02   1.4164328e-01   2.1993981e-01   3.1646262e-01   5.5168887e-01   5.1622234e-01   5.3192726e-01   6.3922923e-01
   1.5597931e-02   1.6596693e-01   2.4028182e-01   5.2554417e-01   6.0281562e-01   9.5030790e-01   1.2636255e+00   1.8924860e+00
  -4.5971826e-02   2.6503148e-01   3.2173402e-01   5.1196984e-01   7.5462316e-01   1.3845804e+00   2.1258582e+00   2.1262456e+00
   2.2492886e-01   2.2492886e-01   4.1119337e-01   9.6998692e-01   1.1562514e+00   1.1562514e+00   1.1562514e+00   1.1562514e+00
   2.2492886e-01   2.2492886e-01   5.9745789e-01   1.1562514e+00   1.1562514e+00   1.1562514e+00   1.1562514e+00   9.6998692e-01
   3.8664341e-02  -1.4760017e-01   3.8664341e-02   3.8664341e-02   3.8664341e-02   3.8664341e-02   2.2492886e-01   2.2492886e-01
   3.8664341e-02   2.2492886e-01   2.2492886e-01   2.2492886e-01   3.8664341e-02   3.8664341e-02   3.8664341e-02   3.8664341e-02
   3.8664341e-02   3.8664341e-02   3.8664341e-02   3.8664341e-02   2.2492886e-01   3.8664341e-02  -1.4760017e-01   3.8664341e-02
   3.8664341e-02   3.8664341e-02   3.8664341e-02   3.8664341e-02   4.1119337e-01   7.8372240e-01   1.3425159e+00   1.3425159e+00
  -1.4760017e-01   3.8664341e-02   3.8664341e-02   2.2492886e-01   2.2492886e-01   2.2492886e-01   1.7150450e+00   1.5287805e+00
  -2.9025861e+01  -3.1664780e+01  -3.4073904e+01  -3.5365249e+01  -3.6091714e+01  -3.6205232e+01  -3.6158427e+01  -3.6076051e+01
  -2.8029911e+01  -3.1307794e+01  -3.4096578e+01  -3.5261069e+01  -3.5077002e+01  -3.4889472e+01  -3.4892425e+01  -3.4883441e+01
  -2.6653966e+01  -2.9129784e+01  -3.0832840e+01  -3.2234514e+01  -3.4010969e+01  -3.5107988e+01  -3.5964206e+01  -3.6448892e+01
  -1.6655187e+01  -1.7536650e+01  -1.8273135e+01  -2.1497674e+01  -2.6612585e+01  -3.0554420e+01  -3.4204736e+01  -3.5317456e+01
  -2.1271816e+01  -2.5218209e+01  -2.9545849e+01  -3.3039193e+01  -3.5981554e+01  -3.6984929e+01  -3.7123570e+01  -3.7722406e+01
  -1.9128802e+01  -2.7733711e+01  -3.2607533e+01  -3.4451496e+01  -3.6665920e+01  -3.8144780e+01  -3.7727342e+01  -3.7886403e+01
  -2.1642384e+01  -3.0539590e+01  -3.4293120e+01  -3.5711786e+01  -3.7361107e+01  -3.8833901e+01  -3.8695397e+01  -3.9050848e+01
   5.9282891e+00   6.2655235e+00   7.0253496e+00   5.9467509e+00   4.5780941e+00   2.9406435e+00   4.0305601e+00   3.5159632e+00
   6.1473855e+00   5.6641340e+00   6.0342349e+00   6.1368141e+00   5.6583469e+00   3.3190517e+00   4.4452323e+00   3.6821799e+00
   6.6760896e+00   4.9969025e+00   6.9129845e+00   7.5079299e+00   6.3697739e+00   5.1376775e+00   6.4334830e+00   4.9002361e+00
   9.3462534e+00   9.1061506e+00   8.6133124e+00   6.1280021e+00   4.8219346e+00   6.0617335e+00   4.0220159e+00   2.1604688e+00
   6.7845820e+00   5.6369678e+00   3.1367673e+00   3.3842778e+00   1.7537149e+00   2.9133735e+00   2.8940468e+00   1.4791658e+00
   7.2746959e+00   7.2144055e+00   4.3916873e+00   4.2220092e+00   2.2124013e-01  -1.7786718e+00   1.7813406e+00   2.8828142e+00
   7.9600734e+00   7.0844533e+00   3.5789715e+00   3.5440527e+00   7.0882920e-01  -1.1440088e-01   1.9683598e+00   2.0049009e+00
  -5.8439752e+00  -6.8838066e+00  -6.3791422e+00  -5.5726266e+00  -5.2291978e+00  -5.0622985e+00  -4.9411096e+00  -5.8057990e+00
  -5.3916680e+00  -6.8941701e+00  -6.0912017e+00  -5.3608127e+00  -5.5502631e+00  -4.8459188e+00  -4.4371512e+00  -5.2866106e+00
  -3.3213124e+00  -5.5182176e+00  -7.3652123e+00  -7.1348719e+00  -5.7344609e+00  -4.3949696e+00  -5.8472723e+00  -5.4828442e+00
  -5.1920009e+00  -4.4360633e+00  -8.3659647e+00  -8.3297823e+00  -5.3699716e+00  -4.1959510e+00  -5.3775004e+00  -2.2475307e+00
  -6.5417053e+00  -5.4213618e+00  -3.8941929e+00  -4.5192709e+00  -2.3569739e+00   8.6781290e-01   4.2931609e-01  -1.5831820e+00
  -7.1305489e+00  -7.3471517e+00  -4.1089056e+00  -4.9726368e+00  -2.5107778e+00  -1.1642697e+00  -7.1485261e-01  -1.9642804e+00
  -6.5276728e+00  -6.3843896e+00  -4.4413698e+00  -5.1895780e+00  -2.5966346e+00  -8.9919544e-01  -7.8942835e-01  -1.8876991e+00
  -4.4931278e+01  -4.8283511e+01  -5.1017036e+01  -5.2727340e+01  -5.5484909e+01  -5.8079309e+01  -5.8458608e+01  -5.9928010e+01
  -4.2984524e+01  -4.6712185e+01  -5.0352266e+01  -5.1540933e+01  -5.3419043e+01  -5.6054045e+01  -5.5720194e+01  -5.7065107e+01
  -4.0754964e+01  -4.3169682e+01  -4.3731944e+01  -4.5002100e+01  -4.7447117e+01  -4.9293068e+01  -5.0815935e+01  -5.0920670e+01
  -3.0654575e+01  -3.2309752e+01  -3.4479799e+01  -3.7565674e+01  -4.3075654e+01  -4.5804883e+01  -4.9065547e+01  -5.0164752e+01
  -3.3372237e+01  -3.7879465e+01  -4.3974687e+01  -4.5182614e+01  -4.9534884e+01  -5.0963999e+01  -5.1339337e+01  -5.2600541e+01
  -3.1153071e+01  -3.9014631e+01  -4.7160029e+01  -4.7600053e+01  -5.1530366e+01  -5.3606793e+01  -5.1665517e+01  -5.2207310e+01
  -3.2846709e+01  -4.1826183e+01  -4.9279424e+01  -4.9850546e+01  -5.3225628e+01  -5.5303959e+01  -5.3753290e+01  -5.3350978e+01
  -4.0674718e+01  -4.1321518e+01  -4.1678233e+01  -4.1597883e+01  -4.1103370e+01  -4.1291283e+01  -4.1218525e+01  -4.1267211e+01
  -3.9310007e+01  -4.0235383e+01  -4.0916099e+01  -4.1058264e+01  -4.0267626e+01  -4.0549560e+01  -4.0762517e+01  -4.0821976e+01
  -4.1674283e+01  -4.3394649e+01  -4.3252292e+01  -4.3991914e+01  -4.6134379e+01  -4.7211766e+01  -4.7326521e+01  -4.8035252e+01
  -3.2002599e+01  -3.3190804e+01  -3.2264586e+01  -3.4102348e+01  -3.9824644e+01  -4.2452652e+01  -4.6594999e+01  -5.1115243e+01
  -3.3279604e+01  -3.6167652e+01  -4.3296031e+01  -4.5846423e+01  -4.9057904e+01  -5.2429853e+01  -5.2601817e+01  -5.2013911e+01
  -3.2228012e+01  -3.7270715e+01  -4.5463443e+01  -4.7721736e+01  -5.0260903e+01  -5.1370669e+01  -5.0442864e+01  -5.1721230e+01
  -3.3432265e+01  -3.9330555e+01  -4.6874394e+01  -4.9250379e+01  -5.2333399e+01  -5.2936197e+01  -5.1347874e+01  -5.2587488e+01
