   8.8618150e+00   5.5501434e+00   4.6978368e+00   5.1259993e+00   5.4409555e+00   4.7163952e+00   5.9796434e+00   3.8508272e+00
   5.3337047e+00   2.3832349e+00   3.2315643e+00   2.6373115e+00   2.0895638e+00   2.7007101e+00   4.7109388e+00   3.0795472e+00
   2.6543133e+00   2.6501411e+00   6.6125073e+00   7.0048252e+00   7.4298222e+00   8.6911486e+00   1.0653501e+01   6.2506440e+00
   8.0644665e+00   9.8324780e+00   8.4801981e+00   6.9616857e+00   7.3507560e+00   4.8107461e+00   7.0645063e+00   2.3904076e+00
   4.0803209e+00   4.9459188e+00   2.1562774e+00   3.1594290e-01  -1.2819753e-01  -5.8699491e-01  -1.6063844e+00  -2.2919362e-01
   7.0381608e+00   5.5195086e+00   3.7805324e+00   1.8768904e+00   5.9875795e-01   8.7508978e-01  -6.2766586e-01   2.9162670e+00
   8.0644566e+00   7.3193175e+00   4.8541511e+00   3.6170445e+00   1.7536646e+00   1.4688468e+00   4.5053245e-01   3.9806146e+00
  -4.5670045e+00  -3.3151280e+00  -5.2281085e+00  -7.3202497e+00  -7.3932557e+00  -3.9067289e+00  -2.7684786e+00  -1.8858706e+00
  -5.4844010e+00  -5.2683301e+00  -3.4995130e+00  -3.6474385e+00  -5.0317817e+00  -2.2650794e+00  -8.8998536e-01   4.9779986e-02
  -3.4259752e+00  -4.2091616e+00  -6.4246729e+00  -7.3212198e+00  -9.9633928e+00  -9.7077590e+00  -5.9086262e+00  -5.7564606e+00
  -5.1048309e+00  -2.7192355e+00  -7.1376127e+00  -9.5387129e+00  -1.0223245e+01  -6.0078004e+00  -1.3304042e+00  -5.6573936e+00
  -8.3562152e+00  -6.8728557e+00  -6.5061527e+00  -5.2241020e+00  -3.9555056e+00  -9.2528634e-01   1.2117642e+00  -2.6853212e+00
  -7.4960759e+00  -4.7456190e+00  -6.4651007e+00  -3.4964219e+00  -3.0792457e+00  -8.6640642e-01   1.5190281e+00  -5.4458456e-01
  -6.6990396e+00  -4.6009091e+00  -7.6376070e+00  -3.9128546e+00  -3.0933977e+00  -8.3526450e-01   1.0627561e+00  -6.4947630e-01
   1.1416352e-01   1.7477027e-01   1.5157288e-01   4.5750713e-02   1.0768163e-01  -8.9126155e-02  -2.0435930e-01   1.9076996e-01
   8.1597807e-02   1.0415622e-01   7.6263356e-02  -1.3803336e-01  -5.0211106e-01  -7.3175437e-01  -5.4383617e-01   1.9188840e-02
  -1.4703252e-01   2.3625607e-02   1.3428188e-01   1.2271343e-01  -1.2152579e-01  -3.7805622e-01  -2.0125791e-01   1.9891776e-01
   2.1073106e-01   8.9720381e-02   1.5952017e-01   9.7027468e-02   9.6331126e-02  -1.8979606e-01  -1.0078286e+00  -1.0504777e+00
   3.8101412e-02  -1.1536517e-01   1.2265251e-01  -3.2509195e-02  -5.4615129e-01  -1.2148632e+00  -1.4097486e+00  -5.7677743e-01
  -2.9658255e-02  -5.7997493e-01  -6.4418663e-01  -4.7433600e-01  -3.4319884e-01  -1.3806216e-01  -2.6170585e-01   2.5719418e-01
   2.2721583e-02  -1.9732617e-01  -2.2425288e-01  -1.4159605e-01   5.5212909e-01   5.9346270e-01  -8.7738152e-02   3.1083841e-01
   1.5838146e-02   1.5838146e-02   1.5838146e-02   2.0210266e-01   2.0210266e-01   1.5838146e-02  -3.5669088e-01   1.5838146e-02
   1.5838146e-02   1.5838146e-02   1.5838146e-02   1.5838146e-02   1.5838146e-02  -3.5669088e-01  -3.5669088e-01  -1.7042637e-01
  -1.7042637e-01   1.5838146e-02   2.0210266e-01   1.5838146e-02   1.5838146e-02   1.5838146e-02  -1.7042637e-01   1.5838146e-02
   2.0210266e-01   1.5838146e-02   2.0210266e-01   2.0210266e-01   2.0210266e-01   1.5838146e-02  -3.5669088e-01  -1.7042637e-01
   1.5838146e-02   2.0210266e-01   2.0210266e-01   2.0210266e-01  -1.7042637e-01  -2.2193360e+00  -2.5918651e+00  -3.5669088e-01
   1.5838146e-02  -1.7042637e-01  -1.7042637e-01   1.5838146e-02   2.0210266e-01   1.5838146e-02  -1.7042637e-01   7.6089621e-01
   1.5838146e-02  -1.7042637e-01   1.5838146e-02   2.0210266e-01   5.7463169e-01   5.7463169e-01  -1.7042637e-01   5.7463169e-01
  -3.5915515e+01  -3.9543715e+01  -4.1294214e+01  -4.3040605e+01  -4.4648470e+01  -4.6283774e+01  -4.7207745e+01  -4.7128498e+01
  -3.4243024e+01  -3.8535732e+01  -4.1355191e+01  -4.3290721e+01  -4.4534227e+01  -4.5440347e+01  -4.6007669e+01  -4.6014520e+01
  -3.2905285e+01  -3.6086119e+01  -3.6037856e+01  -3.6850650e+01  -3.6928135e+01  -3.8284970e+01  -4.0139324e+01  -4.0315796e+01
  -2.1336998e+01  -2.3134889e+01  -2.5057901e+01  -2.8313192e+01  -3.0327258e+01  -3.3648815e+01  -3.6226079e+01  -3.6490397e+01
  -2.3436240e+01  -2.9657618e+01  -3.3656095e+01  -3.5185029e+01  -3.5952157e+01  -3.5606004e+01  -3.5563846e+01  -3.5109479e+01
  -2.4906481e+01  -3.1698040e+01  -3.3837921e+01  -3.5430496e+01  -3.6175178e+01  -3.6769312e+01  -3.6923780e+01  -3.6500660e+01
  -2.8829620e+01  -3.4552716e+01  -3.7080202e+01  -3.7974561e+01  -3.8546321e+01  -3.9093005e+01  -3.9302708e+01  -3.9051438e+01
   4.0338969e+00   5.0051741e+00   4.4610249e+00   3.1588094e+00   1.9036392e+00   1.8743783e-01  -7.7293905e-01  -2.0597537e-01
   6.3346440e+00   6.0651962e+00   4.5527031e+00   3.3346686e+00   2.4730289e+00   1.1567848e+00  -4.9387971e-01  -9.3025760e-02
   5.8822474e+00   7.5781837e+00   3.5884784e+00   5.3446188e+00   5.1688156e+00   2.3691972e+00   4.2644898e-01   3.2418458e+00
   3.6236592e+00   5.4441111e+00   4.5641454e+00   4.3784662e+00   5.5351119e+00   3.7863971e+00   1.4510125e+00   1.9849247e+00
   7.1074420e+00   2.7436754e+00   1.4750179e+00   1.2847609e+00  -5.0343488e-01  -1.6792408e+00  -2.5748214e+00  -1.5043853e+00
   4.7686095e+00   2.9290598e+00   2.2099595e+00   1.2794860e+00   1.1124318e+00   1.2703498e-01   5.9127581e-01  -1.7317941e+00
   2.5120615e+00   2.4945312e+00   2.7571904e+00   7.4040476e-01   8.1762386e-01   6.1209882e-01   1.0374558e+00  -1.0614248e+00
  -6.2717866e+00  -5.3605322e+00  -6.3024023e+00  -4.6665176e+00  -3.5113506e+00  -2.8938843e+00  -5.7473045e-01   3.5080291e-01
  -5.9546248e+00  -4.5115367e+00  -5.2746479e+00  -4.5439565e+00  -2.3660127e+00  -3.0101726e+00  -2.0215168e+00  -4.5135884e-01
  -5.0103868e+00  -5.8073264e+00  -6.2287093e+00  -3.6930761e+00  -4.0265044e+00  -3.6702708e+00  -2.2305426e+00  -2.1088177e+00
  -8.3669257e+00  -7.0907482e+00  -5.1913867e+00  -4.6480101e+00  -4.9991174e+00  -3.9239676e+00  -3.8255766e-01  -3.3725714e-01
  -2.5885168e+00  -3.8419411e+00  -1.8445282e+00  -1.5564657e+00  -2.1838219e+00  -2.1829130e+00   3.9067367e-01   1.8098041e+00
  -4.3453562e+00  -2.3486737e+00  -9.6843180e-01  -4.2370847e-01  -1.5510137e+00  -2.0414889e+00  -6.9413181e-01  -4.6743664e-01
  -4.4347004e+00  -3.3311190e+00  -8.8942355e-01  -6.7705140e-01  -1.7895475e+00  -1.9197637e+00  -1.2745345e+00  -8.7391325e-01
  -5.0017891e+01  -5.2875933e+01  -5.5122521e+01  -5.7665916e+01  -5.9364587e+01  -6.1410072e+01  -6.3060099e+01  -6.1778234e+01
  -4.6035469e+01  -4.9883825e+01  -5.4188734e+01  -5.6546225e+01  -5.6913085e+01  -5.9125020e+01  -6.1175848e+01  -6.0122971e+01
  -4.1958378e+01  -4.7221294e+01  -5.2561746e+01  -5.3623565e+01  -5.3244874e+01  -5.5048936e+01  -5.7772877e+01  -5.5462625e+01
  -3.7480654e+01  -3.8467750e+01  -4.0035988e+01  -4.2483146e+01  -4.5917115e+01  -4.8051119e+01  -5.1331522e+01  -5.0194650e+01
  -3.4071738e+01  -4.1138255e+01  -4.6263211e+01  -4.9212452e+01  -5.0459783e+01  -4.8779746e+01  -5.0348560e+01  -5.1543185e+01
  -3.7228283e+01  -4.4761971e+01  -4.8309248e+01  -4.9841050e+01  -5.1489208e+01  -5.2514149e+01  -5.1520980e+01  -5.3220173e+01
  -4.1828769e+01  -4.8409136e+01  -5.1204262e+01  -5.2635235e+01  -5.3510818e+01  -5.4397486e+01  -5.3797414e+01  -5.5524078e+01
  -4.7185010e+01  -5.0868076e+01  -5.3629282e+01  -5.7130529e+01  -5.9033810e+01  -6.0256261e+01  -6.2705750e+01  -6.1541853e+01
  -4.5328934e+01  -4.9996509e+01  -5.2599307e+01  -5.5414917e+01  -5.8634934e+01  -5.9149817e+01  -6.0180800e+01  -5.9785475e+01
  -4.4827556e+01  -4.7827047e+01  -4.8341819e+01  -5.0809856e+01  -5.3078607e+01  -5.5311094e+01  -5.6011652e+01  -5.4870751e+01
  -3.2561564e+01  -3.4176875e+01  -3.7369380e+01  -4.2351727e+01  -4.5040434e+01  -4.7569524e+01  -5.2270757e+01  -5.2401388e+01
  -3.6050837e+01  -4.1326976e+01  -4.7434544e+01  -5.0370506e+01  -5.0788748e+01  -4.9950919e+01  -5.1017179e+01  -5.1819927e+01
  -3.8089412e+01  -4.5098716e+01  -4.9394728e+01  -5.0313562e+01  -5.0270908e+01  -5.1459569e+01  -5.1724384e+01  -5.1235644e+01
  -4.1342741e+01  -4.7660992e+01  -5.3003055e+01  -5.2533652e+01  -5.2359746e+01  -5.3655290e+01  -5.3924573e+01  -5.3854321e+01
