   1.0003150e+01   8.3845699e+00   7.4647721e+00   5.2682769e+00   3.6972365e+00   1.9895211e+00   7.4398203e-01   2.5896302e+00
   8.7054903e+00   8.2216673e+00   6.3611616e+00   4.7741581e+00   3.8121793e+00   1.4091040e+00  -8.0560560e-01   8.6507116e-01
   7.8500519e+00   9.4556597e+00   9.3422166e+00   1.1524575e+01   8.2912840e+00   2.2410455e+00   5.2237110e+00   6.3091906e+00
   7.7989167e+00   8.8067276e+00   9.3253515e+00   8.4759439e+00   4.7798156e+00   3.2432027e+00   2.4126479e+00   1.3628216e+00
   3.3305219e+00   3.4520130e+00   4.6592034e+00   3.4492102e+00   2.3084570e+00   1.3521597e+00  -7.7486640e-03  -1.4169000e+00
   4.7270564e+00   5.7699793e+00   6.2284301e+00   3.0453516e+00   1.2676618e+00  -3.1233190e-02   6.1019560e-01  -1.8032539e+00
   6.8439275e+00   5.7477272e+00   5.7519024e+00   3.0699646e+00   9.5312284e-01   9.3888878e-01   4.0648978e-01  -3.4436581e-01
  -7.8692493e+00  -3.3707552e+00  -3.4496370e+00  -2.4969868e+00   1.9895743e+00   9.5472768e-01  -6.2743036e-01  -1.6894051e+00
  -8.5353134e+00  -3.6507638e+00  -3.6205919e+00  -1.6028358e+00   2.0879759e+00  -1.7178728e-01  -5.3175621e-01  -2.9457155e-01
  -9.8581625e+00  -8.9840810e+00  -7.1235702e+00  -4.3106345e+00  -7.6350916e+00  -8.8945690e+00  -8.9200859e+00  -1.0612285e+01
  -8.2658172e+00  -5.3451126e+00  -4.8448111e+00  -7.2415876e+00  -8.5666222e+00  -3.9277120e+00  -2.8488202e-01  -1.3608901e+00
  -7.9560205e+00  -6.2289885e+00  -4.3215227e-01  -4.4374855e+00  -2.2370115e+00  -1.0621194e+00   8.5618120e-01   4.0094589e-01
  -5.3833666e+00  -2.7790432e+00  -3.3190630e+00  -1.3784804e+00   5.0211341e-01  -3.2429970e-01  -2.2382944e-01  -8.7051014e-01
  -3.9965688e+00  -2.7527457e+00  -4.4463036e+00  -1.2498643e+00   9.7642833e-01  -4.2762758e-01  -2.4858268e-01  -1.6866052e+00
   9.3595909e-03   5.7504264e-02   4.9087831e-01   8.9094120e-01  -1.6140911e+00  -1.8443340e+00   2.5027312e-01  -9.8427188e-01
  -4.1281550e-02   6.0311519e-02   4.9906685e-01   7.8857027e-01  -1.2618578e+00  -9.6270735e-01   9.0909124e-01  -3.8385946e-01
  -8.5503712e-02  -3.3223021e-03   3.6005573e-02   8.8651639e-02  -2.3041811e-02  -6.4022210e-02   5.0841397e-02  -3.4325377e-01
  -2.1589152e-02  -2.8277057e-02   5.5405065e-02   7.6024724e-02  -1.8171327e-01  -3.4096470e-01  -7.4432086e-02  -7.9850359e-01
  -2.1494431e-01  -1.3838907e-01  -2.0390856e-01  -3.8533469e-01  -9.1392162e-01  -1.4382123e+00  -6.3490136e-01   7.1897264e-02
   2.0865432e-01   1.2156263e-01  -2.0416623e-01  -1.8809464e-01  -6.6454531e-01  -8.2898074e-01  -2.6316800e-01   1.5155041e-01
   1.6866501e-01   9.5552281e-02   2.0193435e-01   4.4300716e-01  -5.3121295e-01  -8.9336000e-01  -1.4825283e-01  -1.1052759e-01
   1.5838146e-02   1.5838146e-02   1.5838146e-02   3.8836718e-01  -5.4295540e-01  -1.1017489e+00   9.4716072e-01  -5.4295540e-01
  -1.7042637e-01   1.5838146e-02   2.0210266e-01   3.8836718e-01   1.5838146e-02   3.8836718e-01   2.2510123e+00  -1.7042637e-01
   1.5838146e-02   1.5838146e-02   1.5838146e-02   1.5838146e-02   2.0210266e-01   2.0210266e-01   2.0210266e-01   2.0210266e-01
   1.5838146e-02  -1.7042637e-01   1.5838146e-02   1.5838146e-02   2.0210266e-01   2.0210266e-01   2.0210266e-01  -1.7042637e-01
  -1.7042637e-01   1.5838146e-02  -1.7042637e-01   1.5838146e-02  -5.4295540e-01  -9.1548443e-01  -3.5669088e-01   5.7463169e-01
   3.8836718e-01   2.0210266e-01   1.5838146e-02  -3.5669088e-01  -7.2921991e-01  -9.1548443e-01   1.5838146e-02  -3.5669088e-01
   2.0210266e-01   2.0210266e-01   2.0210266e-01   2.0210266e-01  -5.4295540e-01  -9.1548443e-01   2.0210266e-01  -3.5669088e-01
  -3.5943722e+01  -3.9823394e+01  -4.1076492e+01  -4.1417535e+01  -4.2909316e+01  -4.2280353e+01  -4.6599488e+01  -4.5478968e+01
  -3.4224074e+01  -3.8296618e+01  -4.0401647e+01  -4.0674476e+01  -4.0761170e+01  -3.9814646e+01  -4.3896674e+01  -4.3882879e+01
  -2.9610820e+01  -3.2519409e+01  -3.2054525e+01  -3.3518611e+01  -3.5065103e+01  -3.6593044e+01  -3.7996445e+01  -3.7640394e+01
  -2.0879192e+01  -2.3973531e+01  -2.6736165e+01  -3.0967835e+01  -3.5156668e+01  -3.6854417e+01  -3.8040848e+01  -3.7499025e+01
  -2.4257900e+01  -3.1326219e+01  -3.4876722e+01  -3.5574909e+01  -3.5858970e+01  -3.5764148e+01  -3.6315776e+01  -3.4821585e+01
  -2.7957628e+01  -3.3533947e+01  -3.5815282e+01  -3.6814613e+01  -3.6901381e+01  -3.6628760e+01  -3.7657330e+01  -3.6894885e+01
  -3.0995377e+01  -3.5992956e+01  -3.7816541e+01  -3.8686607e+01  -3.9579741e+01  -3.9432965e+01  -4.0747220e+01  -4.0026318e+01
   4.2064993e+00   5.6362966e+00   3.5533527e+00   9.8213842e-01   2.2147908e-01  -7.5467268e-01  -1.2253957e+00  -2.2198861e+00
   4.5638253e+00   4.6217687e+00   3.6665742e+00   5.5906983e-01  -8.9254942e-01  -1.6932785e-01  -8.2558613e-01  -1.3999121e+00
   6.7211082e+00   4.6669078e+00   5.4372311e+00   3.9313636e+00   4.9093145e+00   3.8986417e+00   3.1062236e+00   1.3367155e+00
   6.1908912e+00   7.3898544e+00   7.0033091e+00   4.9541597e+00   4.1118000e+00   1.6223556e+00   1.6089188e-01  -1.1379584e-01
   4.8920896e+00   2.5090094e+00   2.0209618e+00  -1.3582205e-01   1.3887591e+00   1.7372831e+00   9.2786300e-01   3.8264635e-01
   4.4518084e+00   3.5343791e+00   2.4067694e+00   2.2213504e+00  -3.7146121e-01  -1.2405900e+00  -3.2440408e-01   5.7472681e-02
   4.4279338e+00   3.7344840e+00   2.4764650e+00   2.3422166e+00   1.3541463e-01  -1.0372623e+00  -7.9542995e-02  -6.7996089e-01
  -5.9372563e+00  -5.5544822e+00  -3.3322731e+00  -2.6941264e+00  -2.8981874e+00   3.0383982e-01   6.1940012e-01  -1.3133202e+00
  -5.2637729e+00  -5.2004436e+00  -2.2667165e+00  -3.2300425e+00  -3.1483876e+00   2.8641749e-02   4.9185076e-01  -8.9684885e-01
  -4.6493646e+00  -4.5727581e+00  -4.4241357e+00  -4.8755808e+00  -4.5169830e+00  -2.0739045e+00  -1.3382411e+00  -1.9565861e+00
  -5.8861050e+00  -5.7757516e+00  -5.4741244e+00  -4.1659918e+00  -1.9585194e+00  -2.1778903e+00  -7.3991147e-01   5.4238506e-02
  -4.5025894e+00  -3.4951697e+00  -2.7469743e+00  -1.0992688e+00  -6.7182646e-01  -2.9748292e-01   1.7424869e+00   1.9974844e+00
  -5.9635912e+00  -5.1350268e+00  -2.1621144e+00  -1.4963575e+00  -6.1548722e-01   8.3187304e-01   1.8493466e-01  -2.2969331e-01
  -6.6432324e+00  -5.2705145e+00  -2.2294742e+00  -2.2716287e+00  -1.3999771e+00   7.2294458e-01   1.8627502e-01   3.8007496e-01
  -4.9528811e+01  -5.1594869e+01  -5.4527662e+01  -5.6313865e+01  -5.8970804e+01  -6.0794127e+01  -6.4032517e+01  -6.2689375e+01
  -4.7052819e+01  -5.0180779e+01  -5.3369009e+01  -5.5418809e+01  -5.7925956e+01  -5.8607014e+01  -6.1113634e+01  -5.9769805e+01
  -4.2859688e+01  -4.6407810e+01  -4.6073629e+01  -4.8995846e+01  -5.0404228e+01  -5.2440242e+01  -5.4548553e+01  -5.5217949e+01
  -3.3434931e+01  -3.5793921e+01  -3.9747532e+01  -4.3933979e+01  -4.8868594e+01  -5.1724800e+01  -5.3658845e+01  -5.3326643e+01
  -3.4007067e+01  -4.1559556e+01  -4.7394687e+01  -4.9463220e+01  -4.9548243e+01  -4.9285970e+01  -5.1934113e+01  -4.9210000e+01
  -4.0065039e+01  -4.6485954e+01  -4.9587355e+01  -4.9632790e+01  -5.1413962e+01  -5.2232967e+01  -5.3741436e+01  -4.9715665e+01
  -4.3871825e+01  -4.8775991e+01  -5.1844383e+01  -5.2326002e+01  -5.3943853e+01  -5.4652556e+01  -5.6305699e+01  -5.4259025e+01
  -4.8953327e+01  -5.0242997e+01  -5.3459227e+01  -5.4964995e+01  -5.5338168e+01  -5.6308512e+01  -6.1961940e+01  -6.1243948e+01
  -4.7771240e+01  -4.8879978e+01  -5.1680458e+01  -5.2622880e+01  -5.2803889e+01  -5.3804182e+01  -5.9408922e+01  -5.9295597e+01
  -4.5074653e+01  -4.7853316e+01  -4.6196252e+01  -4.6844639e+01  -4.7945299e+01  -5.0202578e+01  -5.3089134e+01  -5.3607105e+01
  -3.4614518e+01  -3.5476436e+01  -3.8530880e+01  -4.4824916e+01  -4.9267058e+01  -4.8876436e+01  -5.0924902e+01  -5.1666720e+01
  -3.8199788e+01  -4.4715894e+01  -4.7432967e+01  -4.9228026e+01  -5.0638616e+01  -5.0542088e+01  -5.1807623e+01  -5.0418091e+01
  -3.8962046e+01  -4.4261619e+01  -4.8504611e+01  -5.0057298e+01  -5.0979114e+01  -5.2037942e+01  -5.3351619e+01  -5.2296387e+01
  -4.1587076e+01  -4.6825915e+01  -5.1037658e+01  -5.2238370e+01  -5.3130647e+01  -5.4883864e+01  -5.6246903e+01  -5.5276764e+01
