   8.5384339e+00   7.8883416e+00   1.2440785e+01   7.0091037e+00   6.1545169e+00   7.1966833e+00   2.5527616e+00   1.0701948e+00
   8.7550491e+00   7.8966058e+00   1.1033091e+01   7.2043927e+00   5.7475792e+00   6.0994109e+00   1.5999266e+00   3.0035462e-01
   9.6759626e+00   1.0987480e+01   1.4918719e+01   1.0554948e+01   9.1960908e+00   7.8684462e+00   5.6642967e+00   3.3488094e+00
   1.3105887e+01   1.3294916e+01   1.5719493e+01   7.6348742e+00   4.4975005e+00   5.9055310e+00   2.5054422e+00   2.7960504e+00
   1.0885147e+01   7.6712320e+00   1.0453252e+01   9.6246603e+00   8.3260755e+00   8.7048996e+00   4.2535636e+00   5.6823397e+00
   8.3972148e+00   3.4308653e+00   8.8670561e+00   6.0593871e+00   5.4880943e+00   7.0371655e+00   6.6828719e+00   1.5830176e+00
   8.8600114e+00   3.8094020e+00   8.9662024e+00   6.7688704e+00   6.7246183e+00   7.0527485e+00   6.8842940e+00   8.3480514e-01
  -9.0753528e+00  -1.3181805e+01  -1.4953251e+01  -1.0760314e+01  -8.5775493e+00  -3.8882326e+00  -1.4136210e+00  -1.6201458e+00
  -1.1590722e+01  -1.2003457e+01  -1.3932657e+01  -1.0186109e+01  -7.3068903e+00  -3.0737764e+00  -9.7131321e-01  -1.0475326e+00
  -7.6089349e+00  -8.9192722e+00  -1.0112279e+01  -1.0224991e+01  -1.1980215e+01  -7.1787266e+00  -4.4788392e+00  -6.8206525e+00
  -1.7301527e+01  -1.5697047e+01  -1.3843578e+01  -1.1177222e+01  -1.3888043e+01  -6.9628452e+00  -1.2375361e+00  -8.5735935e+00
  -1.2337770e+01  -8.8203650e+00  -5.9965583e+00  -8.4216498e+00  -1.1156482e+01  -7.2435428e+00  -2.4186229e+00  -1.2573920e+00
  -8.7576594e+00  -5.6437494e+00  -8.7009347e+00  -8.7956371e+00  -6.1981392e+00  -4.7774553e+00  -3.7438051e+00  -4.6569513e+00
  -8.6143126e+00  -5.9267057e+00  -9.0856966e+00  -9.6191599e+00  -6.1080858e+00  -4.1634481e+00  -3.5982495e+00  -5.0962459e+00
   8.9955936e-02   1.5847885e-01   1.9924570e-01   3.2288816e-01   3.7042733e-01   3.2297521e-01   2.0538463e-01  -3.4526126e-02
   1.4193136e-01   1.9979694e-01   2.1296773e-01   3.7064459e-01   4.6410865e-01   4.4250367e-01   1.7049133e-01   6.5957805e-02
   7.0885629e-02   2.0083046e-01   1.9877585e-01   2.6567157e-01   3.9580310e-01   3.5402816e-01   2.8869229e-01   6.5533104e-01
   1.3960126e-01   1.2238044e-01   1.2541789e-01   2.3483863e-01   1.6614610e-01   2.4458685e-02   2.9737067e-01   4.4246565e-01
  -4.2843437e-02  -4.3273403e-02   2.6613842e-02   1.0612520e-01   2.9569664e-01  -1.0007933e-01  -3.1196380e-01   7.4407430e-01
   1.4916604e-01   1.7512328e-01   3.0050833e-01   4.3111400e-01   7.0699986e-01   6.6308289e-01   2.8649800e-01   3.6296166e-01
   9.1900843e-02   2.4836172e-01   4.6430401e-01   6.9241028e-01   1.0023765e+00   9.6900652e-01   4.9053691e-01   2.0457864e-01
   1.5838146e-02   2.0210266e-01   2.0210266e-01   2.0210266e-01   2.0210266e-01   1.5838146e-02   2.0210266e-01   2.0210266e-01
   2.0210266e-01   2.0210266e-01   2.0210266e-01   2.0210266e-01   2.0210266e-01   1.5838146e-02   2.0210266e-01   2.0210266e-01
   1.5838146e-02   2.0210266e-01   1.5838146e-02   2.0210266e-01   2.0210266e-01   1.5838146e-02   1.5838146e-02   2.0210266e-01
   2.0210266e-01   2.0210266e-01   2.0210266e-01   2.0210266e-01   2.0210266e-01  -1.7042637e-01  -1.7042637e-01   1.5838146e-02
   1.5838146e-02   1.5838146e-02   1.5838146e-02  -1.7042637e-01   1.5838146e-02  -1.7042637e-01  -3.5669088e-01   3.8836718e-01
   2.0210266e-01   1.5838146e-02   1.5838146e-02   2.0210266e-01   2.0210266e-01   1.5838146e-02   2.0210266e-01   5.7463169e-01
   1.5838146e-02   1.5838146e-02   2.0210266e-01   3.8836718e-01   2.0210266e-01   2.0210266e-01   3.8836718e-01   3.8836718e-01
  -3.1907568e+01  -3.4403534e+01  -3.6627925e+01  -3.9552021e+01  -4.2903374e+01  -4.5250905e+01  -4.6727672e+01  -4.6799576e+01
  -2.9411802e+01  -3.3247883e+01  -3.6731197e+01  -3.9480140e+01  -4.2368190e+01  -4.4285382e+01  -4.5359181e+01  -4.5390954e+01
  -2.8612904e+01  -3.3705269e+01  -3.6855527e+01  -3.8447814e+01  -4.0325001e+01  -4.2909066e+01  -4.4269823e+01  -4.4417811e+01
  -1.4923792e+01  -1.6652141e+01  -1.8974710e+01  -2.3204315e+01  -2.8396451e+01  -3.3430976e+01  -3.9201041e+01  -4.0017468e+01
  -1.6318295e+01  -2.3842098e+01  -3.2379835e+01  -3.5844126e+01  -3.8089965e+01  -3.9203446e+01  -4.0662601e+01  -4.1593024e+01
  -1.8399110e+01  -2.8694208e+01  -3.3035702e+01  -3.5360302e+01  -3.7297497e+01  -3.7743790e+01  -3.8243459e+01  -3.8168778e+01
  -2.1610524e+01  -3.1345250e+01  -3.4163302e+01  -3.6727548e+01  -3.8689838e+01  -3.9118147e+01  -3.9204001e+01  -3.9065561e+01
   6.0134738e+00   4.9654744e+00   3.2910714e+00   4.7265379e+00   3.5151625e+00   2.3166767e+00   2.2236933e+00   1.5269203e+00
   6.5254132e+00   4.7681049e+00   3.3397660e+00   3.5508175e+00   2.1487796e+00   1.7535772e+00   2.4126429e+00   1.7157810e+00
   7.2738291e+00   5.4959162e+00   4.0322850e+00   3.9543281e+00   2.6153887e+00   2.2689816e+00   8.6128532e-01  -3.8725615e-01
   6.9566001e+00   6.4852381e+00   7.8480486e+00   8.2113442e+00   7.5665554e+00   6.2889781e+00   4.0728981e+00   2.1160960e+00
   1.0076561e+01   9.7828821e+00   5.6618596e+00   4.7629869e+00   8.9543675e-01  -1.7861875e+00  -1.4402289e+00  -2.2473687e+00
   6.9737127e+00   4.5461951e+00   3.7293950e+00   3.3279083e+00   4.6379302e-01   2.9642757e-01  -1.2361443e+00  -4.7052817e-01
   7.5013516e+00   4.1650667e+00   3.1411515e+00   3.1991546e+00   4.4732780e-01   7.7133479e-01  -1.1592736e+00  -1.3038061e-01
  -6.6181844e+00  -5.7532874e+00  -5.0240198e+00  -6.3772730e+00  -4.2723081e+00  -2.9463215e+00  -2.3786806e+00  -1.7034719e+00
  -6.3072808e+00  -5.8263515e+00  -4.0285482e+00  -5.4673810e+00  -3.6140776e+00  -2.7973978e+00  -1.7894804e+00  -2.2583576e+00
  -5.3251629e+00  -4.5125498e+00  -5.5082658e+00  -5.7623592e+00  -4.0609311e+00  -4.0551468e+00  -3.5102743e+00  -3.1398047e+00
  -7.9315656e+00  -6.7907165e+00  -9.2840101e+00  -7.3957046e+00  -6.6183846e+00  -6.4911095e+00  -2.4976008e+00  -6.8571283e-01
  -3.4440086e+00  -2.8111938e+00  -4.2400344e+00  -4.1770385e+00  -8.1725586e-01  -1.3736347e+00  -9.3459144e-01   8.6192565e-02
  -7.8251479e+00  -5.6763791e+00  -4.3341161e+00  -4.1697498e+00  -3.0444892e+00   6.0839088e-01   4.8616414e-01   3.1638145e+00
  -6.6537729e+00  -3.7194708e+00  -3.8655629e+00  -3.2408924e+00  -3.3113449e+00   2.3308367e-01   3.8760112e-02   2.9514753e+00
  -4.8339638e+01  -5.1420438e+01  -5.5672494e+01  -5.5139064e+01  -5.8517995e+01  -5.9918793e+01  -6.1030792e+01  -6.2015237e+01
  -4.6471369e+01  -4.9277626e+01  -5.4452809e+01  -5.5138757e+01  -5.7930267e+01  -5.8925296e+01  -5.9634524e+01  -6.0590126e+01
  -4.3841831e+01  -4.9899304e+01  -5.5980877e+01  -5.6500992e+01  -5.8429173e+01  -5.9406935e+01  -6.0253698e+01  -6.1416344e+01
  -3.8005953e+01  -3.8987037e+01  -4.0246641e+01  -3.8752486e+01  -4.2590972e+01  -4.5310946e+01  -5.0704083e+01  -5.5089821e+01
  -3.2113455e+01  -3.6549402e+01  -4.7050674e+01  -5.1594233e+01  -5.5309784e+01  -5.4323001e+01  -5.5185978e+01  -5.9030663e+01
  -3.3166431e+01  -4.1267847e+01  -4.9475928e+01  -5.1700869e+01  -5.3719303e+01  -5.3759008e+01  -5.4795088e+01  -5.4411575e+01
  -3.5970367e+01  -4.4358567e+01  -5.0893244e+01  -5.3309071e+01  -5.5565783e+01  -5.5731661e+01  -5.5903785e+01  -5.4749696e+01
  -4.6764093e+01  -5.0644915e+01  -5.4871534e+01  -5.4777494e+01  -5.7458206e+01  -5.9136143e+01  -5.9567398e+01  -5.9659488e+01
  -4.4954230e+01  -4.8049373e+01  -5.3874686e+01  -5.4543354e+01  -5.6451535e+01  -5.8186341e+01  -5.8339143e+01  -5.7799507e+01
  -4.2476536e+01  -4.7156406e+01  -5.2194170e+01  -5.3504446e+01  -5.6825053e+01  -5.8475797e+01  -5.8463800e+01  -5.9018475e+01
  -3.5125354e+01  -3.5732937e+01  -3.6651002e+01  -3.7585480e+01  -4.4989603e+01  -4.8230775e+01  -5.2909575e+01  -5.7212848e+01
  -3.3840605e+01  -3.8140158e+01  -4.6022708e+01  -5.2650437e+01  -5.6116696e+01  -5.5638787e+01  -5.5147211e+01  -5.6252813e+01
  -3.1917351e+01  -4.0406341e+01  -4.8367918e+01  -5.0076555e+01  -5.2474467e+01  -5.4244641e+01  -5.4170320e+01  -5.5162981e+01
  -3.5798856e+01  -4.4006748e+01  -4.9536646e+01  -5.2113233e+01  -5.3993580e+01  -5.5374881e+01  -5.4954625e+01  -5.6293990e+01
