   9.4894731e+00   1.2355854e+01   9.4249938e+00   7.3576540e+00   1.0337117e+01   6.2860480e+00   5.7197490e+00   6.3820402e+00
   9.9768667e+00   1.3092380e+01   9.8935346e+00   6.9405756e+00   9.1230039e+00   5.8250766e+00   4.9217417e+00   5.0223628e+00
   9.0958114e+00   1.2375955e+01   1.2015329e+01   1.2136950e+01   1.0619487e+01   8.8713333e+00   8.3643388e+00   5.7591355e+00
   9.0782733e+00   9.9932352e+00   1.1556822e+01   1.1744205e+01   1.4717468e+01   9.0795481e+00   5.2795180e+00   7.8748667e+00
   1.0297483e+01   6.6274594e+00   1.8394143e+00   6.7851234e+00   7.5333439e+00   6.7483727e+00   2.9400287e+00   4.9603507e-01
   4.0314769e+00   3.6329492e+00   6.5718892e+00   7.8570310e+00   8.2158300e+00   6.0556071e+00   1.9063336e+00   5.7292071e-02
   5.8338640e+00   4.6857434e+00   7.5073144e+00   8.4470067e+00   7.1149348e+00   4.5054363e+00   2.3259386e+00   6.7143057e-01
  -6.0968603e+00  -7.1906753e+00  -1.0802590e+01  -1.0871468e+01  -1.3878236e+01  -1.3306325e+01  -7.2297811e+00  -1.9062103e+00
  -5.3468177e+00  -8.5328323e+00  -1.1441740e+01  -1.0199732e+01  -1.2423651e+01  -1.0629199e+01  -4.8024827e+00  -1.1143830e+00
  -8.0850410e+00  -6.9095476e+00  -7.6493796e+00  -9.5304880e+00  -1.2891968e+01  -1.2792472e+01  -1.0428700e+01  -1.1176953e+01
  -1.1661532e+01  -1.1333868e+01  -9.9518735e+00  -9.1398629e+00  -1.4225818e+01  -1.4023692e+01  -9.9288254e+00  -1.3301545e+01
  -1.2598557e+01  -1.0911714e+01  -6.4672145e+00  -8.2141659e+00  -4.2107890e+00  -3.3154073e-01  -2.1776844e+00  -3.4342935e+00
  -7.4488857e+00  -3.6436051e+00  -4.9199305e+00  -3.9264916e+00  -4.4202944e+00  -3.8485942e+00  -2.2069551e+00  -1.4350509e+00
  -7.2524639e+00  -4.7337523e+00  -5.5521189e+00  -3.5172817e+00  -4.2118123e+00  -3.6692521e+00  -1.0568685e+00  -7.9414618e-01
   1.6217787e-01   9.5760241e-02   1.1655124e-01   2.4395644e-01   2.0792480e-01   3.9835798e-01   8.8906732e-01   1.2766906e+00
   8.1217542e-02   8.8516355e-02   9.9689762e-02   2.1104675e-01   2.3947695e-01   4.2293201e-01   9.4380380e-01   1.3031567e+00
  -5.5737398e-02   5.2161976e-02   1.0508063e-01  -8.3966948e-03   8.3879244e-02   1.5572419e-01   2.7919516e-01   3.9107051e-01
   8.3387340e-02   1.0365325e-01   4.9405768e-02   1.5282283e-01   1.4422331e-01   4.2888011e-01   1.3260307e+00   1.7237247e+00
  -4.2212229e-02  -9.2142532e-02   1.0913000e-02   1.4316266e-01   9.1111293e-01   1.3218516e+00   3.6681864e-01   7.5270854e-01
   1.9658690e-01   1.5479105e-01   7.7823012e-01   7.9563819e-01   9.5262843e-01   1.4159255e+00   1.8449857e+00   1.4354995e+00
   1.5485432e-01   4.2023599e-01   9.5978947e-01   9.6329054e-01   1.0982795e+00   1.5523747e+00   2.0809730e+00   1.4269699e+00
   2.0210266e-01   1.5838146e-02   2.0210266e-01   2.0210266e-01   2.0210266e-01   2.0210266e-01   2.0210266e-01   2.0210266e-01
   1.5838146e-02   1.5838146e-02   2.0210266e-01   2.0210266e-01   2.0210266e-01   2.0210266e-01   3.8836718e-01   3.8836718e-01
  -1.7042637e-01  -1.7042637e-01   2.0210266e-01   1.5838146e-02   1.5838146e-02   2.0210266e-01   1.5838146e-02   2.0210266e-01
   1.5838146e-02   2.0210266e-01   1.5838146e-02   1.5838146e-02   1.5838146e-02   1.5838146e-02   2.0210266e-01   2.0210266e-01
   1.5838146e-02   1.5838146e-02   2.0210266e-01   1.5838146e-02   2.0210266e-01   5.7463169e-01   1.5838146e-02   3.8836718e-01
   2.0210266e-01   2.0210266e-01   1.5838146e-02   1.5838146e-02   2.0210266e-01   7.6089621e-01   1.3196898e+00   1.3196898e+00
   2.0210266e-01   2.0210266e-01   2.0210266e-01   2.0210266e-01   3.8836718e-01   9.4716072e-01   1.8784833e+00   1.5059543e+00
  -3.3839200e+01  -3.7567937e+01  -3.8831949e+01  -4.0159582e+01  -4.1690252e+01  -4.4866958e+01  -4.7694430e+01  -4.8697387e+01
  -3.2172568e+01  -3.6082238e+01  -3.7805363e+01  -3.9429378e+01  -4.1676554e+01  -4.4757748e+01  -4.7023772e+01  -4.7696424e+01
  -2.9844761e+01  -3.5447281e+01  -3.7917794e+01  -3.7179895e+01  -3.6912040e+01  -3.8160978e+01  -4.0079557e+01  -4.0753548e+01
  -2.0467470e+01  -2.0841592e+01  -2.2528124e+01  -2.4762120e+01  -2.5595530e+01  -2.9264724e+01  -3.3883042e+01  -3.4843084e+01
  -1.5073547e+01  -2.2409698e+01  -3.2526261e+01  -3.6190664e+01  -3.8455544e+01  -3.9327992e+01  -3.9288356e+01  -3.9285727e+01
  -1.8255403e+01  -2.7904374e+01  -3.5055454e+01  -3.6746652e+01  -3.7730806e+01  -3.8147214e+01  -3.8313544e+01  -3.8839377e+01
  -2.0923741e+01  -3.1039673e+01  -3.5888634e+01  -3.7780157e+01  -3.8839632e+01  -3.9141043e+01  -3.9281062e+01  -3.9901357e+01
   3.5001525e+00   3.6653298e+00   6.9497058e+00   6.1428603e+00   4.4256813e+00   4.1710716e+00   1.2727105e+00  -1.0550330e-01
   5.2529634e+00   2.9450111e+00   5.7948081e+00   5.7292255e+00   3.6123998e+00   3.4764664e+00   1.3809066e+00  -1.4792909e-01
   1.0064217e+01   5.7631374e+00   4.2094911e+00   4.9838773e+00   3.3607028e+00   2.3900125e+00   2.2863240e+00   1.1546158e+00
   7.1972397e+00   8.0830274e+00   8.0096022e+00   7.1583040e+00   6.3369496e+00   5.7684019e+00   1.8779691e+00   5.2394755e-01
   1.0201588e+01   1.0676295e+01   7.2622167e+00   2.8571917e+00   1.7962114e+00   6.1620796e-01  -1.1104694e+00   7.9977999e-01
   4.7652313e+00   4.1876169e+00   2.7533884e+00   2.3633264e+00   1.7771921e+00   1.5873430e+00   2.1866084e+00   1.5197956e+00
   4.5624198e+00   3.1883853e+00   2.7141872e+00   1.9613226e+00   1.8606739e+00   2.1305344e+00   1.5562896e+00   1.1411411e+00
  -7.3663305e+00  -5.4410751e+00  -6.6476452e+00  -7.6195325e+00  -4.2722100e+00  -3.5283272e+00  -2.5802348e+00  -2.9053161e+00
  -5.5853631e+00  -4.1386565e+00  -5.8662029e+00  -7.2846929e+00  -3.6904212e+00  -3.4742825e+00  -2.4624966e+00  -3.1943999e+00
  -5.2265758e+00  -5.5566055e+00  -7.2801149e+00  -6.3176726e+00  -4.9493524e+00  -3.4511576e+00  -1.1325175e+00  -2.8514908e+00
  -6.5548088e+00  -6.1388758e+00  -7.7257127e+00  -7.5789069e+00  -5.9404348e+00  -5.5720979e+00  -2.8865028e+00   1.4359238e+00
  -4.6682751e+00  -2.5129195e+00  -4.2561761e+00  -3.7575615e+00  -4.1816187e+00  -1.9178905e+00   1.3067409e+00   1.2554816e+00
  -9.6227794e+00  -7.8709583e+00  -2.6083324e+00  -2.9206997e+00  -1.9610800e+00  -1.9164462e+00  -1.7971263e+00  -4.6805961e-01
  -9.0914902e+00  -6.0494304e+00  -2.8522382e+00  -3.0698664e+00  -1.5041242e+00  -1.7158836e+00  -1.9277550e+00   8.7639150e-02
  -4.8948160e+01  -5.4442551e+01  -5.4248989e+01  -5.5277544e+01  -5.9104614e+01  -6.0763391e+01  -6.4591983e+01  -6.5228696e+01
  -4.6556348e+01  -5.2682458e+01  -5.3786982e+01  -5.4466219e+01  -5.8534632e+01  -6.0214271e+01  -6.3427252e+01  -6.3901004e+01
  -4.3131601e+01  -5.0891971e+01  -5.5192692e+01  -5.5267453e+01  -5.6108887e+01  -5.6711086e+01  -5.9308292e+01  -5.9292279e+01
  -3.6718830e+01  -3.6894567e+01  -3.7770817e+01  -3.9559018e+01  -4.4273342e+01  -4.6392311e+01  -5.1100596e+01  -5.2864902e+01
  -3.0683979e+01  -3.4994270e+01  -4.5700360e+01  -5.1955527e+01  -5.4478645e+01  -5.5441123e+01  -5.3948998e+01  -5.2142678e+01
  -3.0813757e+01  -3.7980504e+01  -4.9622755e+01  -5.1650271e+01  -5.4377509e+01  -5.5198511e+01  -5.3817580e+01  -5.3736166e+01
  -3.3836890e+01  -4.2079361e+01  -5.0784338e+01  -5.3255590e+01  -5.5345640e+01  -5.5372196e+01  -5.4496772e+01  -5.4264639e+01
  -4.5690150e+01  -5.0915037e+01  -5.3809294e+01  -5.4471316e+01  -5.9438211e+01  -6.2113917e+01  -6.0942232e+01  -6.2014926e+01
  -4.3920761e+01  -4.9378483e+01  -5.2910196e+01  -5.3565278e+01  -5.8328426e+01  -6.0290296e+01  -5.9649786e+01  -6.0524104e+01
  -4.3870279e+01  -4.8474748e+01  -5.0451649e+01  -5.2193534e+01  -5.4439079e+01  -5.5812333e+01  -5.7865562e+01  -5.8179787e+01
  -3.6560420e+01  -3.6241004e+01  -3.6763229e+01  -3.7966160e+01  -4.4228131e+01  -4.8397845e+01  -5.2012886e+01  -5.3949001e+01
  -3.2993757e+01  -3.8962195e+01  -4.6382619e+01  -5.1575895e+01  -5.3343852e+01  -5.2046432e+01  -5.3497647e+01  -5.5016162e+01
  -3.0143960e+01  -3.8110800e+01  -4.8783108e+01  -5.0364237e+01  -5.2150379e+01  -5.2891732e+01  -5.2857300e+01  -5.3326113e+01
  -3.3349106e+01  -4.2313775e+01  -4.9468675e+01  -5.0915186e+01  -5.3442212e+01  -5.4276411e+01  -5.4250671e+01  -5.4623564e+01
