   7.7141089e+00   1.3374395e+01   1.1026181e+01   1.0626605e+01   9.7895679e+00   6.2969796e+00   2.0346869e+00   6.4339655e+00
   8.4132361e+00   9.4787441e+00   1.0917124e+01   9.6760377e+00   8.0322922e+00   4.8528364e+00   1.2327637e-01   2.5458984e+00
   8.4962815e+00   8.4890235e+00   1.1913513e+01   7.1974363e+00   9.8010508e+00   1.0997504e+01   3.6209546e+00   7.8562648e+00
   8.8470199e+00   1.3753341e+01   1.3184324e+01   1.2074560e+01   1.4562444e+01   1.1030045e+01   5.2911211e+00   7.6657133e+00
   5.2452563e+00   2.0501618e+00  -1.7410285e-01   6.0411751e+00   2.3916405e+00   2.1901189e+00  -3.0228060e-01  -3.9699663e-02
   7.0093146e+00   2.9721178e+00   9.1984871e+00   1.0866559e+01   5.2254784e+00   1.3929841e+00  -1.7330469e+00  -3.2220961e-01
   6.6010796e+00   3.9199716e+00   9.0491166e+00   1.0171403e+01   5.1756403e+00   1.6516331e+00  -1.8955463e+00  -1.0876298e+00
  -2.6130687e+00  -8.8789870e+00  -1.1949057e+01  -6.1879753e+00  -7.3990389e+00  -8.2330233e+00  -8.0543283e+00  -6.7811888e+00
  -3.1434784e+00  -8.0339473e+00  -1.1593824e+01  -6.3762518e+00  -7.2357988e+00  -8.1750728e+00  -7.4992364e+00  -5.5992530e+00
  -6.1063847e+00  -6.2510654e+00  -5.1023674e+00  -5.5004539e+00  -8.9668042e+00  -1.1137332e+01  -1.0138115e+01  -1.1140396e+01
  -1.0666383e+01  -1.2288276e+01  -1.1441591e+01  -5.6588872e+00  -1.0025635e+01  -6.6327001e+00  -8.6771675e+00  -1.1356033e+01
  -5.3748381e+00  -4.3332007e+00  -7.2989307e+00  -9.0522198e+00  -7.4131664e+00  -4.4725844e+00  -5.9373515e+00  -3.4332073e+00
  -8.6012399e+00  -3.6558076e+00  -7.4255789e+00  -5.1277057e+00  -2.3653715e+00   1.6883804e-01  -1.9552490e+00  -9.9588888e-01
  -8.9372702e+00  -7.1370538e+00  -7.6024624e+00  -3.9066218e+00  -2.6303564e+00  -5.0519708e-01  -1.7646266e+00  -5.0442402e-01
   2.4160320e-02   2.5799624e-01   2.3308903e-01   3.6246321e-01   4.4400155e-01   2.7738152e-01   7.7931276e-01   1.0417082e+00
   5.1111216e-02   3.7510875e-01   2.3197133e-01   3.3831940e-01   4.7776583e-01   1.5881244e-01   8.3571473e-01   1.0919050e+00
  -1.2591025e-02   2.4066498e-01   2.4968547e-01   3.4680060e-01   2.6428926e-01   3.2780823e-01   7.9425197e-01   8.3190067e-01
   9.5915812e-02   1.7873192e-01   1.2235065e-01   2.1169726e-01   1.4211597e-01   6.5880506e-02   9.2976222e-02   2.4809971e-01
  -6.7948775e-02   2.8537903e-01   4.6903143e-01   4.3427073e-01  -9.6694285e-02   2.8308857e-01   7.2115132e-01   4.9937076e-01
  -1.5407758e-01   3.7423372e-01   5.6301712e-01   7.3215057e-01   2.9281999e-01   3.0605415e-01   6.8094077e-01   4.3452272e-01
   5.7776273e-02   6.6205489e-01   7.1562452e-01   9.1219653e-01   4.2851550e-01   3.8760748e-01   7.3664888e-01   5.0534766e-01
  -1.7042637e-01   2.0210266e-01   2.0210266e-01   2.0210266e-01   2.0210266e-01   1.5838146e-02   2.0210266e-01   2.0210266e-01
  -1.7042637e-01   3.8836718e-01   2.0210266e-01   2.0210266e-01   2.0210266e-01   2.0210266e-01   2.0210266e-01   2.0210266e-01
   1.5838146e-02   2.0210266e-01   2.0210266e-01   3.8836718e-01   1.5838146e-02   1.5838146e-02   2.0210266e-01   2.0210266e-01
   1.5838146e-02   2.0210266e-01   1.5838146e-02   2.0210266e-01   1.5838146e-02  -1.7042637e-01   1.5838146e-02   1.5838146e-02
  -1.7042637e-01   3.8836718e-01   3.8836718e-01   3.8836718e-01   1.5838146e-02   1.5838146e-02   2.0210266e-01   2.0210266e-01
  -1.7042637e-01   5.7463169e-01   2.0210266e-01   1.5838146e-02   1.5838146e-02   1.5838146e-02   3.8836718e-01   1.5838146e-02
   1.5838146e-02   5.7463169e-01   2.0210266e-01   1.5838146e-02   1.5838146e-02   2.0210266e-01   3.8836718e-01   2.0210266e-01
  -3.7384927e+01  -3.7588783e+01  -3.9910539e+01  -4.4372950e+01  -4.8223191e+01  -4.9257840e+01  -5.0625578e+01  -5.0634616e+01
  -3.5262831e+01  -3.6241816e+01  -3.8756995e+01  -4.3281021e+01  -4.7345385e+01  -4.8100126e+01  -4.9114276e+01  -4.9203841e+01
  -3.2397328e+01  -3.6309863e+01  -4.0792958e+01  -4.3016244e+01  -4.3764784e+01  -4.3715897e+01  -4.4471619e+01  -4.4558306e+01
  -2.2839512e+01  -2.1452262e+01  -2.2782101e+01  -2.7623162e+01  -3.2477920e+01  -3.5447592e+01  -3.8130510e+01  -3.8103314e+01
  -2.1226069e+01  -2.5049481e+01  -3.4272751e+01  -3.9102094e+01  -3.9847725e+01  -4.0515776e+01  -4.1261155e+01  -4.1378261e+01
  -2.3077921e+01  -3.3042338e+01  -3.6805363e+01  -3.7767493e+01  -3.7770929e+01  -3.8279717e+01  -3.8956402e+01  -3.8578495e+01
  -2.6100944e+01  -3.4958076e+01  -3.7770696e+01  -3.8744671e+01  -3.8671537e+01  -3.9267395e+01  -4.0046931e+01  -3.9707936e+01
   4.7303790e+00   1.8179453e+00   4.9892908e+00   4.0906145e+00   3.4189370e+00   3.2742718e+00   3.0751181e+00   1.1657044e+00
   3.9393356e+00   1.4831849e+00   3.8936242e+00   3.3903568e+00   1.7905978e+00   2.6909935e+00   3.5766573e+00   2.1204115e+00
   7.3437376e+00   4.1230913e+00   3.3651190e+00   5.5165285e+00   3.5303794e+00   3.1665661e+00   4.1426997e+00   2.3573104e+00
   6.3270340e+00   3.3587109e+00   6.9440556e+00   7.2138002e+00   6.3471953e+00   5.4992511e+00   4.5673197e+00   1.2910708e+00
   9.9413406e+00   6.3965703e+00   1.4574185e+00   1.1974697e+00  -4.5312302e-01  -5.7402839e-01  -2.1041927e-01  -1.4621484e+00
   7.7594328e+00   3.3950783e+00   1.5100426e-01  -3.1634946e-01   4.0006345e-01   2.3485010e-01   1.0240181e+00  -1.8822338e-01
   7.6170834e+00   1.5173676e+00  -7.1227714e-01  -2.4013258e-02   3.8713539e-01   6.5058792e-02   1.3906589e+00  -3.1669217e-01
  -6.5746747e+00  -8.2320403e+00  -6.7671177e+00  -7.6075342e+00  -5.2537484e+00  -2.5081580e+00  -1.7390468e+00  -1.7718918e+00
  -6.7713358e+00  -7.7002153e+00  -6.8883337e+00  -7.3643638e+00  -4.3537131e+00  -1.8707433e+00  -1.1498380e+00  -1.3589795e+00
  -6.9513274e+00  -6.9875512e+00  -8.4081238e+00  -7.5901102e+00  -3.8151220e+00  -4.0855045e+00  -4.1606285e+00  -1.5363126e+00
  -7.7054202e+00  -7.8456218e+00  -7.6237466e+00  -7.5584078e+00  -4.9130407e+00  -4.5398487e+00  -3.2552140e+00  -3.4755413e+00
  -5.8163471e+00  -6.4693099e+00  -7.2396161e+00  -3.9470535e+00  -3.2917993e-01  -2.7336453e-01   8.7882400e-01   9.5205977e-01
  -6.2670385e+00  -7.5738421e+00  -1.9927179e+00  -2.0157812e+00  -7.1398256e-01  -5.4425212e-01   1.2859330e-01  -6.7351465e-01
  -7.7720597e+00  -6.1198911e+00  -2.0036361e+00  -2.5223543e+00  -3.7082443e-01   1.2592520e-01   2.3716106e-01  -6.2617430e-01
  -5.0563839e+01  -5.7352082e+01  -5.8070864e+01  -5.9757945e+01  -6.3202977e+01  -6.3894498e+01  -6.4516619e+01  -6.6567465e+01
  -4.9136890e+01  -5.4323796e+01  -5.6932962e+01  -5.9112310e+01  -6.2605653e+01  -6.2904073e+01  -6.2371060e+01  -6.3751476e+01
  -4.5673643e+01  -5.1480829e+01  -5.7725809e+01  -5.7841589e+01  -6.0100271e+01  -6.0740631e+01  -6.1085125e+01  -6.2349113e+01
  -3.8339408e+01  -4.0425769e+01  -4.0592829e+01  -4.3010980e+01  -4.9647830e+01  -5.0556031e+01  -5.3537475e+01  -5.7039015e+01
  -3.1225214e+01  -3.6010796e+01  -4.9492697e+01  -5.4214723e+01  -5.5046206e+01  -5.5865940e+01  -5.7285536e+01  -5.7946478e+01
  -3.4091463e+01  -4.3672115e+01  -5.3820842e+01  -5.4530403e+01  -5.3184792e+01  -5.3227074e+01  -5.3493443e+01  -5.3055698e+01
  -3.7846044e+01  -4.7735411e+01  -5.5106301e+01  -5.5319930e+01  -5.4409331e+01  -5.4535239e+01  -5.4317289e+01  -5.4363712e+01
  -4.8990286e+01  -5.0887188e+01  -5.4743920e+01  -5.5762925e+01  -6.1718526e+01  -6.4775499e+01  -6.6436882e+01  -6.6132598e+01
  -4.6729203e+01  -4.7973513e+01  -5.3296347e+01  -5.5419101e+01  -6.0831102e+01  -6.3741287e+01  -6.5142323e+01  -6.4584690e+01
  -4.5225385e+01  -4.7344386e+01  -5.1891853e+01  -5.4069096e+01  -5.9387978e+01  -6.2091425e+01  -6.1459859e+01  -6.1952470e+01
  -3.8285353e+01  -3.6963943e+01  -3.7594254e+01  -3.8277904e+01  -4.7347183e+01  -5.0087253e+01  -5.4306529e+01  -5.5969072e+01
  -3.2548340e+01  -3.4342768e+01  -4.5093368e+01  -5.3490803e+01  -5.6142450e+01  -5.6288120e+01  -5.7249563e+01  -5.7727142e+01
  -3.6969450e+01  -4.2566883e+01  -5.1135488e+01  -5.3217083e+01  -5.2310031e+01  -5.2013552e+01  -5.3991577e+01  -5.4260244e+01
  -3.8823723e+01  -4.6055505e+01  -5.2368029e+01  -5.3774974e+01  -5.3106043e+01  -5.2829793e+01  -5.5207437e+01  -5.5650476e+01
