   7.2407536e+00   2.5938198e+00   2.2040748e+00   4.9007625e+00   6.8750149e+00   9.0016381e-01   2.6551611e+00   2.9317870e+00
   6.1218983e+00   2.7914192e+00   2.7170717e+00   5.5619392e+00   6.6640245e+00   1.5517867e+00   3.3414176e+00   3.5873137e+00
   5.8558410e+00   4.7270437e+00   3.8919675e+00   4.5940322e+00   3.6756080e+00   3.3494526e+00   2.7624508e+00   2.7803635e+00
   1.0048995e+01   8.6071380e+00   4.4320030e+00   4.4924936e+00   3.7223961e+00   1.9278975e+00  -3.0779772e+00   3.4796846e-01
   1.0037735e+01   6.6909645e+00   1.6946347e+00  -5.6378157e-01  -1.0558334e+00   2.5609671e+00   2.8017901e-02   1.6504577e+00
   6.4907987e+00   3.9580336e+00   4.7318991e+00   2.9355253e+00   4.3189106e-01   1.5038066e+00   1.0193282e+00   2.9220765e+00
   4.7067868e+00   2.9722644e+00   5.3844205e+00   3.4653344e+00   3.1141312e-01   9.8561862e-01   1.2619745e+00   3.1571301e+00
  -5.6448747e+00  -1.4556228e+00  -2.1527880e+00  -6.6219606e-01  -3.1355729e-01  -1.1863971e+00   2.7890077e-01  -2.6167843e-02
  -5.4688477e+00  -1.7517520e+00  -2.5609929e+00  -1.7672790e+00  -4.3945731e-01  -9.0332223e-01  -1.0577779e-01  -3.7517523e-01
  -6.8600755e+00  -6.7831680e+00  -4.9953082e+00  -4.0900493e+00  -6.3003540e-01   1.0039814e-01  -5.0760173e-01   2.1360261e-01
  -1.0562593e+01  -9.5083537e+00  -6.6308485e+00  -3.1561627e+00   1.8429643e-02  -1.2579398e+00   4.4054398e-01   1.4302442e+00
  -5.7615795e+00  -6.6966408e+00  -3.8176059e+00  -4.4710611e-01  -5.7982009e-01  -2.1896367e+00   1.0434271e+00   1.7448539e+00
  -2.1481424e+00  -1.6027408e+00   4.7905762e-01   3.2650148e-01   6.4607655e-01  -1.1687166e+00  -2.5062864e+00  -6.8218791e-01
  -2.7406882e+00  -1.1308138e+00  -6.4425725e-01  -1.0340198e+00   6.1909812e-01  -9.8347694e-01  -2.6623868e+00  -6.6034584e-01
   1.4517538e+00   2.0515157e+00   1.6537112e+00   1.0689856e+00   1.3792181e+00   1.7581172e+00   1.0088548e+00   1.4475428e+00
   1.3104999e+00   2.0867298e+00   1.8380105e+00   1.1555634e+00   1.2790543e+00   1.7316583e+00   1.0492139e+00   1.3968780e+00
   8.2262223e-01   1.4169390e+00   1.5838511e+00   1.5639911e+00   1.0038658e+00   9.5853581e-01   5.7339130e-01   9.2069779e-01
   1.5956976e-01   4.0465791e-01   7.9888535e-01   1.5104454e+00   1.9040124e+00   9.5080858e-01   5.2967073e-01   2.5456410e-01
   9.0530905e-02   5.2873596e-01   1.2352323e+00   1.5722322e+00   1.9053250e+00   1.2090493e+00   8.4740394e-01   4.3316972e-01
   2.4769045e-01   5.5758461e-01   1.0208266e+00   2.0265826e+00   2.0287721e+00   1.2264865e+00   8.1042412e-01   8.8571781e-01
   2.6685499e-01   5.0035966e-01   1.1532135e+00   2.0989698e+00   2.0765187e+00   1.4202902e+00   1.1564394e+00   1.0492580e+00
   4.2914629e-01   1.7329979e+00   1.1742043e+00   4.2914629e-01   6.1541080e-01   1.3604689e+00   2.4288177e-01   2.1055269e+00
   4.2914629e-01   2.1055269e+00   1.9192624e+00   8.0167532e-01   6.1541080e-01   1.3604689e+00   6.1541080e-01   1.9192624e+00
   2.4288177e-01   2.4288177e-01   6.1541080e-01   9.8793983e-01   4.2914629e-01   9.8793983e-01   2.4288177e-01   1.3604689e+00
   5.6617260e-02   5.6617260e-02   5.6617260e-02   4.2914629e-01   1.5467334e+00   4.2914629e-01   4.2914629e-01   4.2914629e-01
  -1.2964725e-01  -1.2964725e-01   2.4288177e-01   1.5467334e+00   2.1055269e+00   9.8793983e-01   1.5467334e+00   6.1541080e-01
  -1.2964725e-01  -1.2964725e-01   2.4288177e-01   2.2917914e+00   2.8505850e+00   1.7329979e+00   6.1541080e-01   6.1541080e-01
  -1.2964725e-01  -1.2964725e-01   2.4288177e-01   1.9192624e+00   2.6643205e+00   1.7329979e+00   9.8793983e-01   9.8793983e-01
  -4.1082670e+01  -4.2178331e+01  -4.2728805e+01  -4.2855172e+01  -4.2926013e+01  -4.3297267e+01  -4.3071130e+01  -4.2411441e+01
  -3.9137185e+01  -4.0211655e+01  -4.0728965e+01  -4.0749440e+01  -4.0786464e+01  -4.1193316e+01  -4.0850765e+01  -4.0218304e+01
  -3.5659792e+01  -3.6759026e+01  -3.7550570e+01  -3.7938586e+01  -3.8085895e+01  -3.8499905e+01  -3.8216651e+01  -3.7793964e+01
  -3.0059185e+01  -3.1943874e+01  -3.4449883e+01  -3.5910145e+01  -3.6243610e+01  -3.6746218e+01  -3.6904973e+01  -3.6863225e+01
  -3.0528672e+01  -3.3370496e+01  -3.6732391e+01  -3.7502244e+01  -3.7650378e+01  -3.7603108e+01  -3.7327987e+01  -3.7321409e+01
  -3.4642143e+01  -3.7977336e+01  -3.9291019e+01  -3.9318947e+01  -3.8950074e+01  -3.8453294e+01  -3.8858465e+01  -3.9212360e+01
  -3.6607315e+01  -4.0096559e+01  -4.1087158e+01  -4.0949003e+01  -4.0490444e+01  -3.9855464e+01  -4.0513261e+01  -4.0988791e+01
   7.3437897e-01  -2.3507458e-01  -2.3729933e-01  -4.0121974e-01  -4.1491053e+00   7.3600082e-01   2.3932977e+00  -1.2173609e+00
   1.1586924e+00  -7.4636654e-01  -1.1398167e+00  -1.7521530e+00  -3.2782949e+00   1.7617833e+00   2.3833414e+00  -1.9410569e+00
   2.2410523e+00   1.0488496e+00  -1.2600489e+00  -3.5338914e+00  -1.7377268e+00   1.2200643e+00   3.7735995e-01  -3.7648002e+00
   5.3264361e+00   2.9670824e+00   1.9312221e+00  -2.6477806e-01   4.7058346e-02   5.1183756e-01  -3.0218851e-01  -9.8116178e-01
   6.9666754e+00   5.9947844e+00   2.6277993e+00   3.6608388e-01   1.3903939e+00   3.0927322e+00   1.4451636e+00   3.1372103e-01
   4.4756303e+00   2.7807758e+00   2.1750830e+00   1.7075966e+00   1.1775632e+00  -3.5756013e-01   1.6812515e+00   1.2039441e+00
   3.9331715e+00   1.2057398e+00   1.4388675e+00   2.5235475e+00   1.0245613e+00  -4.1748479e-01   1.6420388e+00   1.6329221e+00
  -2.6445932e+00   2.1364401e+00   3.2346723e+00   1.3179515e+00   2.6424373e-01   1.1524492e+00   2.5181333e-01  -8.5783491e-01
  -2.7014901e+00   1.9612427e+00   2.7852250e+00   1.6259293e+00   7.3681024e-01   1.1785428e+00   2.7172716e-01  -8.6334521e-01
  -2.8427915e+00   1.4484490e+00   1.9224354e-01   1.1297197e-02   1.3232360e+00   1.2757353e+00   1.0984649e-01  -2.0889893e+00
  -4.8831701e+00  -1.2352455e+00  -4.6609653e-01  -2.3231978e+00   1.0631055e-01   3.8321257e+00   6.0752395e-01  -3.7401925e+00
  -5.3330924e+00  -1.1107920e+00   2.1155901e+00  -4.5627122e-01  -3.7800612e-01   7.6449625e-01   3.7757283e-02  -2.2036330e+00
  -5.1184909e+00  -2.3212106e+00   3.6525755e-01   1.9335425e-01  -3.7092365e-01   1.3789789e+00   2.0280155e+00  -1.4280797e-01
  -4.7685681e+00  -2.6703787e+00  -2.2852233e-01   2.6534315e-01  -2.0814666e-01   1.4391762e+00   2.0295335e+00   6.0314318e-02
  -5.6392261e+01  -5.7082647e+01  -5.6540823e+01  -5.7951424e+01  -5.9259593e+01  -5.7027675e+01  -5.8217423e+01  -5.9400419e+01
  -5.4617889e+01  -5.5365911e+01  -5.5179519e+01  -5.6936760e+01  -5.7419852e+01  -5.5266734e+01  -5.6521361e+01  -5.7644922e+01
  -5.1370119e+01  -5.1678937e+01  -5.2958161e+01  -5.5800238e+01  -5.5088480e+01  -5.5310844e+01  -5.4542282e+01  -5.4960065e+01
  -4.5624549e+01  -4.6502283e+01  -4.8849279e+01  -5.1358056e+01  -5.2371844e+01  -5.2496439e+01  -5.1931537e+01  -5.2759551e+01
  -4.2688262e+01  -4.4804828e+01  -5.0532212e+01  -5.1493789e+01  -5.2017471e+01  -5.2744422e+01  -5.2537038e+01  -5.3225152e+01
  -4.5799991e+01  -5.0558814e+01  -5.3747310e+01  -5.4113324e+01  -5.4330825e+01  -5.3549831e+01  -5.3736938e+01  -5.5487701e+01
  -4.7794497e+01  -5.3363030e+01  -5.5641131e+01  -5.5512169e+01  -5.5720615e+01  -5.4676603e+01  -5.5326320e+01  -5.7393572e+01
  -5.5891431e+01  -5.8753671e+01  -6.0507644e+01  -5.9139487e+01  -5.7778621e+01  -5.9366867e+01  -5.9590733e+01  -5.8298324e+01
  -5.3922531e+01  -5.6763155e+01  -5.8653967e+01  -5.7226308e+01  -5.5644839e+01  -5.6847806e+01  -5.7180343e+01  -5.6263438e+01
  -5.1182763e+01  -5.4137196e+01  -5.4241633e+01  -5.3834963e+01  -5.3115179e+01  -5.3552174e+01  -5.3972606e+01  -5.3053970e+01
  -4.7728733e+01  -4.9337829e+01  -5.0008677e+01  -5.0557944e+01  -5.1288545e+01  -5.3606564e+01  -5.2433592e+01  -5.0553062e+01
  -4.5287337e+01  -4.9736777e+01  -5.3882541e+01  -5.2621638e+01  -5.3004268e+01  -5.4372572e+01  -5.2442113e+01  -5.1417580e+01
  -4.7313840e+01  -5.2683289e+01  -5.4079017e+01  -5.4612312e+01  -5.4796684e+01  -5.5959576e+01  -5.6136740e+01  -5.4597869e+01
  -4.9325426e+01  -5.4901305e+01  -5.6109947e+01  -5.6602462e+01  -5.6434331e+01  -5.7319771e+01  -5.7626686e+01  -5.6209815e+01
