   9.8858840e+00   7.9792685e+00   5.4552617e+00   7.8964164e+00   7.0068327e+00   7.8827710e+00   4.2157971e+00   2.2056790e+00
   8.8067950e+00   8.0000230e+00   3.9063773e+00   7.0964641e+00   7.1168024e+00   9.2271088e+00   5.0997744e+00   2.8789119e+00
   1.0280458e+01   7.9932688e+00   3.3342068e+00   4.3160954e+00   7.4202519e+00   8.5926711e+00   8.2140156e+00   1.2240879e+01
   9.9288386e+00   7.8921709e+00   8.3837784e+00   9.8222073e+00   9.4331973e+00   8.5416851e+00   6.4858173e+00   6.7906789e+00
   6.9275503e+00   7.0761381e+00   5.4635734e+00   7.3028370e+00   4.5407498e+00   4.8335032e+00   3.5702190e+00   3.4375141e+00
   8.5833801e+00   7.5103518e+00   9.9760459e+00   8.1134406e+00   4.4969623e+00   2.8370555e+00   1.6693403e+00   1.0731393e+00
   1.0012145e+01   8.2091940e+00   1.1329832e+01   8.0228417e+00   3.1280046e+00   2.1617886e+00   1.5435777e+00   1.0186970e+00
  -4.7659009e+00  -8.6360785e+00  -8.7349764e+00  -5.7895303e+00  -6.3453189e+00  -9.7919098e+00  -6.0916183e+00  -4.0454487e+00
  -3.8599045e+00  -7.4150065e+00  -8.1702875e+00  -5.4013524e+00  -5.6480481e+00  -8.7616149e+00  -5.5543370e+00  -3.8836090e+00
  -6.8169370e+00  -8.5116156e+00  -6.5174767e+00  -9.8089387e+00  -1.1241013e+01  -9.2703031e+00  -6.4371786e+00  -5.4324328e+00
  -7.2008957e+00  -8.3040424e+00  -1.0402232e+01  -8.5861448e+00  -6.3341986e+00  -7.8942233e+00  -5.6043371e+00  -4.7854048e+00
  -8.9504489e+00  -8.0681451e+00  -5.5393552e+00  -5.0732269e+00  -5.2258005e+00  -6.0206659e+00  -1.6818682e+00   1.5596392e-01
  -5.6892857e+00  -4.1894253e+00  -7.3709106e+00  -5.7767854e+00  -4.2607861e+00  -2.5106186e+00  -2.5064847e-01  -5.7960932e-01
  -6.9170904e+00  -6.8024831e+00  -7.2844360e+00  -8.0013087e+00  -3.4471712e+00   1.3231203e-02   1.5865048e+00   2.4952479e-01
  -8.8298362e-02  -4.1561467e-02   6.0175311e-02   2.1850917e-01   3.8743594e-01   2.4917281e-01   3.9835710e-01   1.0013592e+00
  -1.0608613e-01   6.7574180e-02   1.3675676e-01   2.3854214e-01   3.1279057e-01   2.1930289e-02   4.2211316e-02   9.7132969e-01
   3.5138741e-02  -5.0652378e-02   4.2586399e-01   4.2593271e-01   1.6801543e-01   2.4644445e-01   4.0239726e-01   4.2679872e-01
  -7.8740864e-02  -4.9781279e-02  -1.7450681e-02   7.9555565e-02   8.6729457e-02   4.5250887e-02   2.4406587e-01   5.2791062e-01
   1.0087220e-01   1.8882770e-01   9.6899529e-02   4.0288676e-01   9.8914570e-01   8.1054280e-01   7.2782022e-01   9.4741522e-01
   8.8109382e-02   1.6958785e-01   3.4662469e-01   5.1618698e-01   6.7886829e-01   1.0042321e+00   5.5091188e-01   8.2558938e-01
  -6.2738887e-02   1.2217284e-01   3.9339731e-01   6.0804837e-01   1.0506778e+00   1.4149739e+00   1.1155986e+00   1.1514173e+00
  -1.4760017e-01   3.8664341e-02   3.8664341e-02   3.8664341e-02   3.8664341e-02   3.8664341e-02   3.8664341e-02   4.1119337e-01
  -1.4760017e-01   3.8664341e-02   2.2492886e-01   2.2492886e-01   3.8664341e-02  -1.4760017e-01  -1.4760017e-01   2.2492886e-01
  -1.4760017e-01   3.8664341e-02   2.2492886e-01   2.2492886e-01   2.2492886e-01   2.2492886e-01   3.8664341e-02   3.8664341e-02
  -1.4760017e-01  -1.4760017e-01   3.8664341e-02   3.8664341e-02   3.8664341e-02  -1.4760017e-01  -1.4760017e-01   3.8664341e-02
   3.8664341e-02   2.2492886e-01   3.8664341e-02   3.8664341e-02   3.8664341e-02   2.2492886e-01   2.2492886e-01   7.8372240e-01
   3.8664341e-02   3.8664341e-02  -1.4760017e-01   3.8664341e-02   3.8664341e-02   4.1119337e-01   2.2492886e-01   1.3425159e+00
  -1.4760017e-01   3.8664341e-02   3.8664341e-02   3.8664341e-02   4.1119337e-01   5.9745789e-01   7.8372240e-01   1.9013095e+00
  -2.9108630e+01  -3.5643611e+01  -3.9937142e+01  -4.3525911e+01  -4.7679370e+01  -4.9468876e+01  -5.1376025e+01  -5.2062652e+01
  -2.7211452e+01  -3.3975178e+01  -3.8690578e+01  -4.2630357e+01  -4.6770485e+01  -4.8214445e+01  -4.9751501e+01  -5.0357504e+01
  -2.7111598e+01  -3.0549187e+01  -3.2911959e+01  -3.6627377e+01  -4.1142887e+01  -4.3363683e+01  -4.5532597e+01  -4.5691543e+01
  -2.0308853e+01  -2.2858338e+01  -2.4130934e+01  -2.6412836e+01  -3.1835148e+01  -3.5691474e+01  -3.9771646e+01  -4.2244984e+01
  -1.7908370e+01  -2.2697502e+01  -3.1385072e+01  -3.7527485e+01  -4.0691026e+01  -4.1404846e+01  -4.1643656e+01  -4.1468162e+01
  -2.1253511e+01  -2.9582585e+01  -3.5333099e+01  -3.6954669e+01  -3.8241509e+01  -3.8894029e+01  -3.9433585e+01  -3.7642584e+01
  -2.1469467e+01  -2.9481074e+01  -3.5899812e+01  -3.8079252e+01  -3.9656042e+01  -4.0319636e+01  -4.0805108e+01  -3.8260163e+01
   4.7203432e+00   6.9906495e+00   7.1318918e+00   4.6121112e+00   3.6248577e+00   3.9677660e+00   3.9641556e+00   1.2017549e+00
   5.3613104e+00   6.0071620e+00   6.1637059e+00   3.3154846e+00   3.3589177e+00   3.3916910e+00   2.6001478e+00   8.9063588e-01
   3.8363228e+00   4.0924902e+00   4.2136495e+00   4.2636159e+00   5.3437245e+00   6.6376943e+00   3.1931052e+00   4.5132579e-01
   6.3105995e+00   6.5650186e+00   6.8558332e+00   5.4489574e+00   4.7008081e+00   6.3309392e+00   4.3616883e+00   1.8785058e+00
   6.1741540e+00   6.1798164e+00   6.4728054e+00   4.2545137e+00   1.9346078e+00   9.5072027e-01   3.1635051e-01   9.3428533e-01
   4.8663093e+00   4.0003540e+00   2.1217658e+00   2.4711500e+00   2.3897000e+00  -5.9169208e-01  -2.3579631e-01   1.7687400e+00
   6.2771247e+00   4.1148974e+00   1.8808088e+00   2.7594110e+00   2.0847678e+00  -5.1315718e-02   1.4072835e-01   2.0489803e+00
  -4.1741657e+00  -5.4293626e+00  -5.9585521e+00  -6.7876067e+00  -3.7249769e+00  -4.7433778e-01  -2.0032989e+00  -2.2240700e+00
  -4.4094070e+00  -5.8425686e+00  -5.6007488e+00  -6.2980598e+00  -3.2991838e+00  -6.3499458e-01  -2.1136103e+00  -2.1413287e+00
  -6.6520323e+00  -4.7436077e+00  -4.2514451e+00  -3.7012625e+00  -6.2650327e+00  -5.5943648e+00  -5.6485706e-01  -2.8520227e+00
  -8.2534597e+00  -6.7522115e+00  -5.4986283e+00  -7.9366902e+00  -8.0883996e+00  -6.5464020e+00  -4.5372329e+00  -2.2853004e+00
  -7.7813408e+00  -7.6305369e+00  -6.0642813e+00  -3.8214521e+00  -1.2649525e+00  -7.7367760e-01   6.6616743e-02  -9.7400790e-01
  -8.3933783e+00  -6.7490614e+00  -3.1591809e+00  -4.2966099e+00  -2.1237792e+00  -3.1118076e-01  -2.6066833e-01  -2.9564081e+00
  -7.5028747e+00  -6.4756563e+00  -3.9678189e+00  -3.4697849e+00  -2.9768675e+00  -2.1120874e+00  -1.5858277e+00  -3.0767598e+00
  -4.2643890e+01  -4.8017296e+01  -5.1549040e+01  -5.7597190e+01  -6.1393420e+01  -6.3963964e+01  -6.5463801e+01  -6.7021066e+01
  -3.9987069e+01  -4.6432846e+01  -5.0103854e+01  -5.6852142e+01  -6.0161782e+01  -6.3377824e+01  -6.4365367e+01  -6.5654813e+01
  -4.0869579e+01  -4.3685953e+01  -4.5832591e+01  -5.0798075e+01  -5.5704305e+01  -5.7960508e+01  -6.0051014e+01  -6.1824105e+01
  -3.4488094e+01  -3.5241500e+01  -3.7164881e+01  -4.1360796e+01  -4.6836710e+01  -4.9740416e+01  -5.2260666e+01  -5.7579962e+01
  -3.2155496e+01  -3.7021361e+01  -4.3980506e+01  -5.1235196e+01  -5.4807989e+01  -5.5812582e+01  -5.5988588e+01  -5.6739775e+01
  -3.4283145e+01  -4.1594150e+01  -4.9684750e+01  -5.1965842e+01  -5.2701111e+01  -5.3128023e+01  -5.4164120e+01  -5.2791229e+01
  -3.5307724e+01  -4.3348263e+01  -5.1182118e+01  -5.3198518e+01  -5.3628907e+01  -5.3971783e+01  -5.5673447e+01  -5.3905660e+01
  -4.1775329e+01  -5.0244101e+01  -5.3615988e+01  -5.5915041e+01  -6.1109803e+01  -6.5739494e+01  -6.6691609e+01  -6.6665780e+01
  -3.9827848e+01  -4.7538331e+01  -5.1641338e+01  -5.4669942e+01  -6.0226884e+01  -6.4357251e+01  -6.5321646e+01  -6.4995568e+01
  -4.0984992e+01  -4.5317137e+01  -4.7075459e+01  -5.2080277e+01  -5.6397895e+01  -5.7471543e+01  -6.0146093e+01  -5.9580431e+01
  -3.5191650e+01  -3.7449189e+01  -3.9850571e+01  -4.0734271e+01  -4.5693918e+01  -5.1353713e+01  -5.3729855e+01  -5.6738878e+01
  -3.2112380e+01  -3.5706584e+01  -4.3742467e+01  -5.0727815e+01  -5.5941875e+01  -5.6951325e+01  -5.6017022e+01  -5.5308168e+01
  -3.2963238e+01  -4.0496358e+01  -5.0001446e+01  -5.1210019e+01  -5.2598455e+01  -5.4483586e+01  -5.5591535e+01  -5.3687188e+01
  -3.5586291e+01  -4.2754701e+01  -5.0824807e+01  -5.3824740e+01  -5.4381330e+01  -5.5102317e+01  -5.6532520e+01  -5.3868721e+01
