   1.0106873e+01   1.0768576e+01   1.3105525e+01   1.0818593e+01   8.9082948e+00   7.0223602e+00   5.4107103e+00   8.0494652e+00
   1.1260726e+01   1.1322132e+01   1.2730666e+01   1.1027028e+01   9.1043585e+00   7.4662634e+00   4.8512486e+00   8.4564249e+00
   8.2633547e+00   9.6405146e+00   7.2201280e+00   6.2368977e+00   1.0192075e+01   1.1080485e+01   1.3161527e+01   1.1700097e+01
   1.2649700e+01   1.2731519e+01   1.4113987e+01   1.0394475e+01   9.2011012e+00   8.2970897e+00   5.5326483e+00   7.7503534e+00
   8.6118668e+00   6.8169626e+00   6.8985999e+00   8.2592606e+00   7.2844015e+00   7.4024515e+00   4.1738569e+00  -6.9697993e-01
   6.8350465e+00   4.8784379e+00   8.9056765e+00   1.0245789e+01   8.1099162e+00   4.2658695e+00   1.6486886e+00   2.6479334e-01
   6.3422743e+00   7.0166110e+00   9.1326875e+00   1.0918917e+01   9.2931452e+00   4.6088802e+00   1.2238918e+00  -1.9279042e-01
  -9.8542356e+00  -1.3636889e+01  -1.2079717e+01  -9.8719446e+00  -9.1424996e+00  -1.1808714e+01  -8.2975246e+00  -7.2326733e+00
  -9.9996964e+00  -1.3844226e+01  -1.1651262e+01  -9.6708282e+00  -8.4450936e+00  -1.1961578e+01  -8.7675467e+00  -6.6850979e+00
  -9.4812960e+00  -1.2995578e+01  -1.2411432e+01  -1.1008116e+01  -9.1672083e+00  -9.0018177e+00  -8.6099580e+00  -1.0891108e+01
  -1.2277664e+01  -1.3494542e+01  -1.3100765e+01  -1.0215456e+01  -1.2543594e+01  -1.2767358e+01  -8.3788386e+00  -7.8446515e+00
  -1.0372099e+01  -8.7492656e+00  -7.1699508e+00  -9.6620635e+00  -8.5399267e+00  -7.9538900e+00  -5.0544613e+00  -2.9478195e+00
  -9.1908224e+00  -9.1596539e+00  -1.0111646e+01  -9.9432998e+00  -9.9483519e+00  -8.5989949e+00  -4.6639067e+00  -2.0095354e+00
  -7.4507835e+00  -8.9942167e+00  -1.0340416e+01  -9.5156926e+00  -9.4932764e+00  -8.7094843e+00  -4.4502832e+00  -1.3919139e+00
   2.9383217e-02  -4.5890886e-03   2.8958446e-02   1.0891810e-01   3.8657859e-02  -4.7404434e-02   7.7270432e-02   3.8405389e-02
   2.5706680e-02   2.0411773e-02   2.6454590e-02   8.5710863e-02   2.8018763e-02  -8.1412368e-02   4.9374567e-02  -1.9890640e-01
   3.0627159e-02   2.8668863e-02   8.9314907e-02   1.4296393e-01   2.6734390e-03   9.3183776e-03   2.1645437e-02   4.7136827e-02
   2.1211811e-02   2.9412324e-02   4.6174345e-02   9.3958064e-02   3.0117581e-02   6.4277409e-02   1.1993157e-01   1.0244693e-01
   5.2937581e-02   2.2306401e-02  -6.9102959e-03   2.3829477e-01   1.9512097e-01  -2.6148282e-01  -2.2133950e-01  -3.7566423e-01
   5.5921925e-02   5.4482310e-02   3.4302824e-02   2.5415128e-01   3.3278735e-01   8.5359599e-02   2.1925413e-01  -4.1084252e-01
   1.1520238e-01   9.6137837e-02   5.3685899e-02   2.4517726e-01   3.7347905e-01   9.5574309e-02   3.3397439e-01  -7.5925935e-01
   3.8664341e-02   3.8664341e-02   3.8664341e-02   3.8664341e-02   3.8664341e-02   3.8664341e-02   3.8664341e-02   3.8664341e-02
   3.8664341e-02   3.8664341e-02   3.8664341e-02   3.8664341e-02   3.8664341e-02   3.8664341e-02   3.8664341e-02  -1.4760017e-01
   3.8664341e-02   3.8664341e-02   3.8664341e-02   2.2492886e-01   3.8664341e-02   3.8664341e-02   3.8664341e-02   3.8664341e-02
   3.8664341e-02   3.8664341e-02   3.8664341e-02   3.8664341e-02   3.8664341e-02   3.8664341e-02   2.2492886e-01   3.8664341e-02
   3.8664341e-02   3.8664341e-02   3.8664341e-02   2.2492886e-01   3.8664341e-02   3.8664341e-02   3.8664341e-02  -1.4760017e-01
   3.8664341e-02   3.8664341e-02   3.8664341e-02   3.8664341e-02   3.8664341e-02   3.8664341e-02   3.8664341e-02  -1.4760017e-01
   2.2492886e-01   3.8664341e-02   3.8664341e-02   3.8664341e-02   2.2492886e-01   3.8664341e-02   2.2492886e-01  -3.3386469e-01
  -2.6461216e+01  -3.0485883e+01  -3.3550037e+01  -3.7562993e+01  -4.3823942e+01  -4.7724393e+01  -5.1733403e+01  -5.4448675e+01
  -2.4466769e+01  -2.8826334e+01  -3.2788835e+01  -3.7317828e+01  -4.3712021e+01  -4.7559462e+01  -5.1377356e+01  -5.4049483e+01
  -2.2547578e+01  -2.8077305e+01  -3.3986500e+01  -3.8914819e+01  -4.1707060e+01  -4.3439106e+01  -4.5323760e+01  -4.6421090e+01
  -1.5318885e+01  -1.7108638e+01  -1.8880127e+01  -2.1973352e+01  -2.7022952e+01  -3.0949257e+01  -3.6111731e+01  -3.9448370e+01
  -1.3885036e+01  -2.0166517e+01  -2.8486025e+01  -3.4661488e+01  -3.9750048e+01  -4.2009197e+01  -4.3398982e+01  -4.3733459e+01
  -1.6037816e+01  -2.4989798e+01  -3.1764888e+01  -3.4869606e+01  -3.8137116e+01  -4.0137492e+01  -4.1001819e+01  -4.1168238e+01
  -1.9351859e+01  -2.7158653e+01  -3.2228764e+01  -3.5538309e+01  -3.9437006e+01  -4.1736428e+01  -4.2742800e+01  -4.2653423e+01
   6.0578869e+00   8.3226389e+00   7.5499683e+00   7.4384057e+00   7.6915943e+00   8.7770147e+00   4.8543678e+00   2.0244460e+00
   6.1708782e+00   8.3112183e+00   7.4839370e+00   6.9015364e+00   6.7749650e+00   8.1444009e+00   4.4986275e+00   1.0403665e+00
   7.6129919e+00   7.1123242e+00   7.3360488e+00   6.1757729e+00   4.3348565e+00   4.8332155e+00   3.9626170e+00   4.9299141e+00
   8.4349260e+00   8.0368560e+00   7.6123919e+00   7.4861822e+00   7.7381099e+00   7.3441870e+00   5.5706762e+00   4.6385793e+00
   7.8728408e+00   6.3672619e+00   5.6119769e+00   6.0119828e+00   3.8162974e+00   2.2851940e+00   1.9207340e+00   1.7430373e+00
   7.9199033e+00   6.2970729e+00   4.3408102e+00   4.2429759e+00   3.0486291e+00   2.5822908e+00   1.4930341e+00   1.1221622e+00
   7.3311533e+00   6.4857659e+00   5.3210848e+00   4.5870422e+00   3.1516918e+00   2.0915684e+00   1.4303219e+00   1.0098884e+00
  -5.2804471e+00  -7.8046825e+00  -7.2106881e+00  -7.2419209e+00  -6.1645286e+00  -4.5352925e+00  -4.7319580e+00  -4.7864340e+00
  -5.3307736e+00  -7.8093307e+00  -7.5190794e+00  -7.2088968e+00  -6.0698114e+00  -3.9641131e+00  -4.4115273e+00  -4.1448163e+00
  -7.9788279e+00  -6.6401872e+00  -7.2131906e+00  -5.9439839e+00  -7.1331414e+00  -7.4749817e+00  -5.9456289e+00  -4.1035917e+00
  -8.0348997e+00  -8.2016170e+00  -7.4166907e+00  -7.1788609e+00  -5.7200864e+00  -6.5892144e+00  -6.3855208e+00  -6.3865847e+00
  -9.2183995e+00  -8.9880935e+00  -7.5556782e+00  -7.0650751e+00  -5.4155139e+00  -1.3288555e+00  -8.3752643e-01   4.7635337e-01
  -6.2419029e+00  -6.1319195e+00  -5.1280249e+00  -4.2497925e+00  -1.8423870e+00  -3.0142417e-01   1.1056348e-01  -4.5492104e-01
  -6.2082958e+00  -5.5574797e+00  -5.2906253e+00  -4.9290169e+00  -2.2370102e+00  -3.2743809e-01   7.7503903e-01  -3.6299231e-01
  -4.2173951e+01  -4.7030016e+01  -5.1423506e+01  -5.3814762e+01  -5.8796086e+01  -6.1219538e+01  -6.4689386e+01  -7.0311124e+01
  -4.1018869e+01  -4.5831194e+01  -5.0279618e+01  -5.3407474e+01  -5.8790656e+01  -6.1214989e+01  -6.3827779e+01  -6.9552000e+01
  -3.7203843e+01  -4.4197282e+01  -4.9549944e+01  -5.4142476e+01  -5.8085660e+01  -6.1241922e+01  -6.4072683e+01  -6.4088601e+01
  -3.4174853e+01  -3.5558456e+01  -3.7699640e+01  -3.8145565e+01  -4.2783814e+01  -4.6231464e+01  -4.9651324e+01  -5.5766767e+01
  -2.8542179e+01  -3.2808728e+01  -4.1504605e+01  -5.0608005e+01  -5.5363476e+01  -5.7421481e+01  -5.8569932e+01  -5.8037335e+01
  -2.9218416e+01  -3.7868431e+01  -4.8469863e+01  -5.1548015e+01  -5.4258433e+01  -5.4742677e+01  -5.5255224e+01  -5.5477363e+01
  -3.2633027e+01  -4.2239210e+01  -4.9509635e+01  -5.2721294e+01  -5.5995178e+01  -5.6591345e+01  -5.6742474e+01  -5.7239173e+01
  -4.2151385e+01  -4.9558955e+01  -5.1453713e+01  -5.2254691e+01  -5.8786521e+01  -6.4696355e+01  -6.6259212e+01  -6.9895519e+01
  -4.0565696e+01  -4.7773537e+01  -5.0329623e+01  -5.2059686e+01  -5.8304378e+01  -6.4890967e+01  -6.6717890e+01  -6.9618294e+01
  -3.7928290e+01  -4.6228668e+01  -5.1306550e+01  -5.4644758e+01  -5.7936295e+01  -5.9081638e+01  -6.1678299e+01  -6.4666345e+01
  -3.4183776e+01  -3.6522369e+01  -3.7281302e+01  -3.7056705e+01  -4.4059521e+01  -4.7973877e+01  -4.9500880e+01  -5.4255718e+01
  -2.9525199e+01  -3.4174513e+01  -4.2183032e+01  -4.9806364e+01  -5.5038986e+01  -5.7822895e+01  -5.8925287e+01  -6.0021462e+01
  -3.0329598e+01  -3.9493724e+01  -4.8387993e+01  -5.1067891e+01  -5.4855974e+01  -5.5930204e+01  -5.5947106e+01  -5.6449326e+01
  -3.2214082e+01  -4.1844584e+01  -4.9054154e+01  -5.0969259e+01  -5.5437221e+01  -5.7515075e+01  -5.7720139e+01  -5.7865370e+01
