   6.8398294e+00   1.0669790e+01   1.1280081e+01   8.7970340e+00   8.4628365e+00   1.1690162e+01   9.3687993e+00   5.0369600e+00
   6.4091859e+00   1.0830469e+01   1.0312490e+01   7.4310837e+00   8.4785150e+00   1.1438356e+01   1.0428541e+01   5.0806988e+00
   7.4178762e+00   7.7005880e+00   7.2338189e+00   7.3834143e+00   7.9913002e+00   1.0575477e+01   9.9044777e+00   8.6223299e+00
   1.3378363e+01   1.2239241e+01   1.0474737e+01   7.4207626e+00   6.4618733e+00   1.0988886e+01   6.5797799e+00   6.2771353e+00
   7.4150498e+00   7.9255348e+00   8.6000601e+00   7.7585524e+00   4.2407993e+00   5.7819256e+00   3.6500667e+00  -3.0676810e-01
   6.0427229e+00   4.9030056e+00   6.1081515e+00   9.1546356e+00   7.2173323e+00   7.0715950e+00   1.9034976e+00  -1.4537487e+00
   5.0589369e+00   5.1078705e+00   8.1530569e+00   8.5559370e+00   6.4465330e+00   7.3169592e+00   2.1219291e+00  -3.0128427e+00
  -8.4380731e+00  -9.2058159e+00  -9.5305275e+00  -8.8307233e+00  -1.0370158e+01  -1.1798643e+01  -9.0312051e+00  -8.4501202e+00
  -7.8264720e+00  -8.9024336e+00  -9.2383171e+00  -8.1884945e+00  -9.6704097e+00  -1.1471980e+01  -9.2386060e+00  -7.4035027e+00
  -5.5238466e+00  -8.5517596e+00  -8.9656947e+00  -8.0089799e+00  -9.8940869e+00  -1.3399911e+01  -1.1346997e+01  -1.0935962e+01
  -1.0586240e+01  -1.2432302e+01  -1.2094776e+01  -1.0363863e+01  -1.2396689e+01  -1.2254756e+01  -9.2770864e+00  -9.8023784e+00
  -1.1597076e+01  -8.4671224e+00  -8.3682708e+00  -7.0647132e+00  -7.2866654e+00  -7.2733195e+00  -2.4281670e+00  -1.4060921e+00
  -7.7523556e+00  -6.5142864e+00  -1.1270988e+01  -6.7727033e+00  -5.9370216e+00  -4.6832752e+00  -5.7946854e-01  -2.7406844e+00
  -7.0698005e+00  -8.2667207e+00  -1.1330861e+01  -7.5885825e+00  -6.4321515e+00  -4.3391426e+00  -1.5007127e+00  -3.2361770e+00
  -1.0279604e-01  -8.2880507e-03   3.7909688e-02   9.3774357e-02   7.1309952e-02  -1.1780891e-02  -1.5891711e-01   1.1335535e-01
  -7.0475175e-02  -5.0186889e-04   5.4298850e-02   9.8469931e-02   5.9373133e-02  -1.9717629e-02  -1.8265892e-01  -9.0188258e-02
  -2.0334720e-02   4.9510603e-02   6.4491359e-02   4.6436709e-02   8.4519896e-02   9.8942402e-02   2.3491598e-02  -3.1833454e-01
   6.3807932e-02   8.3861136e-02   7.8799700e-02   9.6753012e-02   8.8222706e-02   5.3813078e-02   1.0120005e-01   7.4395939e-02
   1.1048498e-01   3.2496051e-02   3.4103193e-02  -1.2300774e-01  -2.0181208e-01  -1.9983887e-01   2.4936588e-01   1.2835745e-01
  -4.9256934e-02  -4.5610340e-03  -5.4590396e-02  -3.4993584e-01  -5.0568017e-01  -2.2328928e-01  -7.4896799e-02  -1.6933877e-02
  -5.0810184e-02   2.5885242e-02  -4.8849668e-02  -3.1175969e-01  -5.6139257e-01  -1.6749361e-01  -2.0695052e-01  -1.5852336e-01
  -1.4760017e-01   3.8664341e-02   3.8664341e-02   3.8664341e-02   3.8664341e-02   3.8664341e-02   3.8664341e-02   3.8664341e-02
   3.8664341e-02   3.8664341e-02   3.8664341e-02   3.8664341e-02   3.8664341e-02   3.8664341e-02   3.8664341e-02   3.8664341e-02
   3.8664341e-02   3.8664341e-02   3.8664341e-02   3.8664341e-02   2.2492886e-01   3.8664341e-02   3.8664341e-02   3.8664341e-02
   3.8664341e-02   3.8664341e-02   3.8664341e-02   3.8664341e-02   3.8664341e-02   3.8664341e-02   3.8664341e-02   3.8664341e-02
   2.2492886e-01   3.8664341e-02   3.8664341e-02  -1.4760017e-01   3.8664341e-02   3.8664341e-02   3.8664341e-02  -1.4760017e-01
   3.8664341e-02   3.8664341e-02   3.8664341e-02   3.8664341e-02   3.8664341e-02   3.8664341e-02   3.8664341e-02   3.8664341e-02
   3.8664341e-02   3.8664341e-02   3.8664341e-02   3.8664341e-02   3.8664341e-02   3.8664341e-02   3.8664341e-02  -1.4760017e-01
  -2.8906943e+01  -3.3294472e+01  -3.6879056e+01  -4.0202551e+01  -4.3820250e+01  -4.6763563e+01  -5.1593525e+01  -5.5313606e+01
  -2.7257371e+01  -3.1746245e+01  -3.6048914e+01  -3.9926665e+01  -4.3679624e+01  -4.6303223e+01  -5.1014166e+01  -5.4956640e+01
  -2.6018760e+01  -3.1943951e+01  -3.6880855e+01  -4.0581987e+01  -4.3895024e+01  -4.5718974e+01  -4.7997804e+01  -4.9123349e+01
  -1.7063577e+01  -1.9268910e+01  -2.1343679e+01  -2.4149904e+01  -2.7590705e+01  -3.0938701e+01  -3.6781102e+01  -4.0921332e+01
  -1.5766442e+01  -2.0865814e+01  -2.8673879e+01  -3.5365265e+01  -4.0093684e+01  -4.2680193e+01  -4.3510807e+01  -4.3974088e+01
  -1.6630145e+01  -2.5166577e+01  -3.2298625e+01  -3.5398526e+01  -3.8460983e+01  -4.0305445e+01  -4.1024589e+01  -4.1638571e+01
  -1.9137592e+01  -2.7811078e+01  -3.3368068e+01  -3.6434884e+01  -3.9877385e+01  -4.1785896e+01  -4.2232589e+01  -4.3087406e+01
   7.4612764e+00   7.6822726e+00   7.8736741e+00   7.2527866e+00   6.4346457e+00   5.9734397e+00   4.4694237e+00   1.3804237e+00
   7.2577598e+00   8.2534738e+00   8.5580948e+00   7.6783829e+00   6.7276087e+00   5.9767534e+00   3.7505088e+00   1.1116567e+00
   6.6879759e+00   8.6124117e+00   5.9590862e+00   5.0716945e+00   5.6178387e+00   2.9317575e+00   1.4803104e+00   1.5856667e+00
   7.4011670e+00   8.5082250e+00   7.6156194e+00   6.8735972e+00   7.3723090e+00   6.8703423e+00   6.0183056e+00   3.3138902e+00
   7.1374038e+00   7.1753372e+00   8.4397861e+00   6.0570001e+00   3.6407353e+00   1.4118740e+00   4.9045649e-01   1.4622153e-01
   7.3953721e+00   6.4385002e+00   6.3501539e+00   4.8379532e+00   2.6241271e+00   2.1164915e-01   9.5169332e-01   8.5518668e-01
   6.8900030e+00   6.0887103e+00   5.9516101e+00   5.3125424e+00   2.9129682e+00   4.0619973e-01   8.2016962e-01   1.1776955e+00
  -6.7947313e+00  -8.0982103e+00  -7.7452544e+00  -7.4879815e+00  -7.3913093e+00  -6.4631387e+00  -3.7006673e+00  -1.8102479e+00
  -7.5293439e+00  -8.2723527e+00  -8.1589807e+00  -7.7931238e+00  -7.1231485e+00  -7.0251358e+00  -3.8809178e+00  -1.6260660e+00
  -7.7905071e+00  -5.8044132e+00  -5.2382909e+00  -7.1604070e+00  -7.2549352e+00  -6.4917474e+00  -5.2162582e+00  -3.7564777e+00
  -8.2136011e+00  -7.2183612e+00  -7.0079870e+00  -6.6070150e+00  -6.1518223e+00  -6.3843021e+00  -5.0621744e+00  -3.7622981e+00
  -7.9588464e+00  -7.5586072e+00  -7.5767562e+00  -5.7444211e+00  -3.3248143e+00  -2.4360808e+00  -5.9271147e-01  -1.3488142e+00
  -6.9176759e+00  -5.3120727e+00  -3.6959658e+00  -3.5427881e+00  -2.4071364e+00  -2.4356273e+00  -1.1722108e+00  -3.9645265e-01
  -6.5992628e+00  -4.2989895e+00  -4.5883524e+00  -4.0083593e+00  -3.1446838e+00  -2.9198038e+00  -1.0617699e+00  -2.2439878e-01
  -4.1328816e+01  -4.9075868e+01  -5.4173253e+01  -5.6864102e+01  -6.0885678e+01  -6.4125679e+01  -6.7016753e+01  -7.1535215e+01
  -3.9446177e+01  -4.7445968e+01  -5.2455230e+01  -5.5227346e+01  -5.9735888e+01  -6.3228289e+01  -6.6983224e+01  -7.0790468e+01
  -3.8126471e+01  -4.5164830e+01  -5.0709398e+01  -5.4337111e+01  -5.9005055e+01  -6.3103976e+01  -6.5376203e+01  -6.6220175e+01
  -3.6596861e+01  -3.7862410e+01  -3.9042318e+01  -3.9717378e+01  -4.3504467e+01  -4.7731048e+01  -5.0390261e+01  -5.6792912e+01
  -3.1091872e+01  -3.4481841e+01  -4.3166101e+01  -4.8456138e+01  -5.3073324e+01  -5.8273817e+01  -5.8457999e+01  -5.8442126e+01
  -2.8212551e+01  -3.6841996e+01  -4.7917778e+01  -5.0939707e+01  -5.4412663e+01  -5.6640901e+01  -5.5145826e+01  -5.5023931e+01
  -3.0194111e+01  -4.0494688e+01  -4.9663129e+01  -5.1699975e+01  -5.5391390e+01  -5.7895496e+01  -5.6483369e+01  -5.5991539e+01
  -4.4312876e+01  -4.9269133e+01  -5.3046181e+01  -5.5122840e+01  -5.9971513e+01  -6.3920721e+01  -6.7599822e+01  -7.1984436e+01
  -4.1884693e+01  -4.7173958e+01  -5.1543511e+01  -5.4143826e+01  -5.9223442e+01  -6.3573231e+01  -6.7455892e+01  -7.1309563e+01
  -3.8432933e+01  -4.5261138e+01  -5.1339223e+01  -5.4968697e+01  -5.8904646e+01  -6.3556014e+01  -6.5426268e+01  -6.7085129e+01
  -3.3965782e+01  -3.6759219e+01  -3.9146336e+01  -3.9805795e+01  -4.4602773e+01  -4.8028982e+01  -5.1438763e+01  -5.7758679e+01
  -3.1933343e+01  -3.4996790e+01  -4.2969712e+01  -4.9519515e+01  -5.4353290e+01  -5.7891808e+01  -5.8587255e+01  -5.9539619e+01
  -3.0234731e+01  -3.7922361e+01  -4.9326465e+01  -5.0278362e+01  -5.3555766e+01  -5.4826014e+01  -5.4842266e+01  -5.6782878e+01
  -3.2133752e+01  -4.1608162e+01  -5.0784980e+01  -5.1644645e+01  -5.5166030e+01  -5.6346689e+01  -5.6552079e+01  -5.8281838e+01
