   6.5709486e+00   7.5945320e+00   5.7050910e+00   1.3361886e+00   1.0853351e+00   8.7952585e-01  -9.1595711e+00  -3.1988705e+00
   7.3672076e+00   7.9878365e+00   4.7034715e+00   1.4746240e+00   2.8133888e+00   5.2461144e+00  -6.5944403e+00  -3.8185037e+00
   6.7023167e+00   3.0889775e+00   2.5801196e+00   2.9653969e-01  -5.0677712e-01   6.3371975e+00   1.3529153e+00  -2.1098090e+00
   1.0636928e+01   6.1731342e+00   9.0205365e+00   7.3310081e+00   7.9560114e+00   8.7737010e+00  -1.6382141e+00  -4.4892719e+00
   7.3168625e+00   6.5644086e+00   7.9055956e+00   2.8244432e+00   6.3969649e-01   3.7313345e+00  -3.0017384e+00  -2.6022909e+00
   7.2361809e+00   5.0406531e+00   5.9390893e+00   3.0364368e+00  -4.5893607e-01  -4.6478128e-01  -1.9872237e+00  -2.2496745e+00
   7.7632083e+00   4.5886615e+00   4.5397601e+00   2.2206018e+00  -1.8586293e+00   8.9050188e-01  -1.0631251e+00  -2.3817830e+00
  -7.8781741e+00  -7.6121576e+00  -4.6082608e+00  -1.8745473e+00  -3.3199676e+00  -9.8823115e+00  -2.3797961e+00   3.7458015e-01
  -7.8665004e+00  -1.0626483e+01  -7.2023402e+00  -3.0605052e+00  -5.1151877e+00  -9.7939808e+00  -1.7802682e+00  -1.9672232e+00
  -8.8368285e+00  -8.0382126e+00  -6.1192150e+00  -2.9054551e+00  -4.2366991e+00  -5.9529736e+00  -2.6819299e+00  -6.7739624e-01
  -1.0715785e+01  -1.1751639e+01  -1.2083623e+01  -1.0053371e+01  -1.1256625e+01  -1.0066149e+01  -3.4875536e+00  -5.5924586e+00
  -8.5665546e+00  -7.1286917e+00  -6.9478938e+00  -6.2483571e+00  -5.7941110e+00  -2.4303551e+00  -9.2605068e-02  -4.3979725e-01
  -7.1281424e+00  -4.4090221e+00  -3.7793428e+00  -2.1682390e+00  -2.9141701e+00  -9.7216082e-02   1.9651362e+00   1.8799017e+00
  -6.1232167e+00  -4.4960370e+00  -6.4459778e+00  -5.2498287e+00  -3.7868962e+00  -5.2541158e-01   6.1098654e-02   5.6623821e-01
  -4.9834367e-02  -1.6497578e-02  -7.2563529e-02   2.3001796e-01   1.1297663e+00  -4.5871536e-01   1.9629920e-01   4.6065822e-01
   7.0882220e-02   1.2334197e-01   1.1344218e-01   2.9877948e-01   8.8337251e-01  -6.4188013e-01  -5.4814924e-02   2.4938685e-01
  -1.0371024e-01   3.0446362e-03   1.8626884e-02   2.4010666e-01   1.0322532e+00   5.7824177e-01   4.9285944e-01   2.8704900e-01
   1.9971767e-01   2.6331373e-01   1.5328679e-01   2.0343848e-01   2.0811200e-01  -2.7920831e-01   1.2174590e+00   3.8165973e-01
   2.6752399e-01   2.0729401e-01  -7.4867338e-02   2.2351416e-01   1.2265125e+00   4.7445069e-01   3.1070091e-02  -1.8743475e-01
  -6.5624710e-03   1.9996808e-01   3.2191292e-01   8.6922283e-02  -3.0289947e-02   4.4905435e-01   5.4000113e-01  -9.0586251e-04
   5.8293237e-02   3.3031892e-01   6.8907298e-01   8.1768892e-01   6.4456967e-01   4.3293439e-01   5.2125598e-01   5.9275407e-01
   2.0711422e-02   2.0697594e-01   2.0711422e-02   2.0711422e-02   3.9324045e-01  -3.5181761e-01   3.9324045e-01   7.6576948e-01
   2.0711422e-02   2.0697594e-01   2.0697594e-01   2.0697594e-01   3.9324045e-01  -1.6555309e-01   2.0697594e-01   5.7950497e-01
   2.0711422e-02   2.0697594e-01   2.0697594e-01   2.0697594e-01   5.7950497e-01   2.0697594e-01   2.0697594e-01   3.9324045e-01
   2.0697594e-01   2.0697594e-01   2.0697594e-01   2.0697594e-01   2.0697594e-01   2.0711422e-02   2.0697594e-01   2.0711422e-02
   2.0697594e-01   2.0697594e-01   2.0711422e-02   2.0697594e-01   5.7950497e-01   2.0697594e-01   2.0711422e-02  -3.5181761e-01
   2.0711422e-02   2.0697594e-01   2.0697594e-01   2.0711422e-02  -3.5181761e-01   7.6576948e-01   5.7950497e-01   5.7950497e-01
   2.0711422e-02   2.0697594e-01   3.9324045e-01   3.9324045e-01   7.6576948e-01   1.1382985e+00   9.5203400e-01   1.5108275e+00
  -4.1890206e+01  -4.6246698e+01  -4.2854939e+01  -4.1465919e+01  -4.5596619e+01  -4.9932967e+01  -4.6470272e+01  -4.4197086e+01
  -3.9687965e+01  -4.3982843e+01  -4.2337294e+01  -4.1368081e+01  -4.5203643e+01  -4.9519784e+01  -4.6360776e+01  -4.3990403e+01
  -3.8461444e+01  -4.2181538e+01  -4.1757815e+01  -4.1194906e+01  -4.5041643e+01  -4.7999568e+01  -4.5269920e+01  -4.3399967e+01
  -2.6854154e+01  -2.7561438e+01  -2.8598206e+01  -3.2005672e+01  -3.5743956e+01  -3.8092015e+01  -3.9100517e+01  -3.8944795e+01
  -2.8357332e+01  -3.3963037e+01  -3.8106503e+01  -3.9037643e+01  -4.2087245e+01  -4.3899770e+01  -4.2924015e+01  -4.1881030e+01
  -2.7558852e+01  -3.6030732e+01  -3.6885589e+01  -3.7007655e+01  -3.8573491e+01  -3.9185303e+01  -3.8494106e+01  -3.7294166e+01
  -2.9934649e+01  -3.7647748e+01  -3.7944628e+01  -3.7879444e+01  -3.9753776e+01  -4.0684713e+01  -3.9884592e+01  -3.8439083e+01
   6.6302568e+00   4.6401518e+00  -1.0955916e-01   9.6863456e-01   1.4587418e+00  -7.0957053e-01  -9.8286532e-01  -1.5398866e-01
   6.7574890e+00   6.8190355e+00   1.5392736e+00   4.3792149e-01   5.2876919e-01  -2.1095612e+00  -9.8419468e-01  -2.3343651e-01
   7.2437417e+00   6.6200465e+00   2.3430686e+00   4.6370201e-01  -4.8143468e-01  -1.2965560e+00  -1.3527452e-01  -6.5801899e-01
   5.3671814e+00   6.1279445e+00   7.8227889e+00   6.1908182e+00   5.2992990e+00   2.4582104e+00   2.6056546e+00   5.7861765e-01
   9.0388602e+00   6.6888314e+00   2.1372673e+00   3.4297894e+00   1.7457912e+00  -5.8590714e-01  -1.5918340e+00  -5.4284220e-01
   5.6495242e+00   4.2340108e+00   3.9695885e-02   1.3913714e+00   1.7316759e+00   5.9028392e-01  -3.1343127e-01   1.0650746e+00
   4.8804724e+00   4.9568111e+00   1.4355156e+00   2.0338093e+00   1.5042002e+00  -1.2607588e-01   6.6495626e-01   2.1422573e+00
  -7.1655050e+00  -6.9535646e+00   3.7414972e-01  -7.3581627e-01  -7.2994695e-01   3.0777788e+00  -7.4874567e+00  -4.0832115e+00
  -8.4363774e+00  -5.6484063e+00  -8.2492706e-01  -4.1916140e-01   1.0884620e-01   1.7086292e+00  -6.3363663e+00  -2.5828740e+00
  -6.0896246e+00  -5.9817661e+00  -2.0115038e+00  -2.1334221e-01   3.9380353e-01  -1.9432830e-01  -6.1042645e+00  -1.8047612e+00
  -1.1342071e+01  -9.5330523e+00  -7.3060203e+00  -5.1904054e+00  -4.0235550e+00  -3.4222662e+00  -2.3359632e+00   1.0659212e+00
  -7.5161480e+00  -6.9042505e+00  -2.4317481e+00  -1.9381649e+00  -1.5774903e+00  -2.4796766e+00  -2.2574542e+00  -9.6562995e-01
  -4.3038045e+00  -3.8272042e+00  -1.8023811e+00  -1.3003105e+00   1.3672385e+00   1.0631355e+00  -9.6099030e-01  -1.0163953e+00
  -4.6737892e+00  -3.9038561e+00  -1.0356402e+00   4.9339562e-01   2.3610411e+00   9.7935031e-02  -1.5498977e+00  -1.0879081e+00
  -5.8717956e+01  -6.2566886e+01  -5.7972037e+01  -5.7108157e+01  -6.2030057e+01  -6.5357340e+01  -5.9710924e+01  -5.8781906e+01
  -5.8213717e+01  -6.3169944e+01  -5.8762493e+01  -5.7000181e+01  -6.1100169e+01  -6.3919498e+01  -5.9762751e+01  -5.8504175e+01
  -5.5514199e+01  -6.0000731e+01  -5.8476020e+01  -5.7047211e+01  -6.1516401e+01  -6.5252929e+01  -6.0748479e+01  -5.8288540e+01
  -4.9711286e+01  -4.9846349e+01  -5.0044247e+01  -5.0377968e+01  -5.4483784e+01  -5.8564366e+01  -5.5856258e+01  -5.2285098e+01
  -4.9839054e+01  -5.2917301e+01  -5.5565678e+01  -5.6296935e+01  -5.8199297e+01  -5.9157520e+01  -5.7329342e+01  -5.6819993e+01
  -4.3181538e+01  -5.0055748e+01  -5.2675355e+01  -5.4371101e+01  -5.6186813e+01  -5.5419513e+01  -5.4096883e+01  -5.4665120e+01
  -4.5504211e+01  -5.2647804e+01  -5.4506152e+01  -5.4465185e+01  -5.6489922e+01  -5.6578213e+01  -5.6129710e+01  -5.5599854e+01
  -6.0111180e+01  -6.3860746e+01  -5.8142433e+01  -5.7143910e+01  -6.2353934e+01  -6.6395147e+01  -6.4964978e+01  -6.1686599e+01
  -5.8306304e+01  -6.2333697e+01  -5.8594975e+01  -5.7106314e+01  -6.0860603e+01  -6.6221547e+01  -6.5719918e+01  -6.1743204e+01
  -5.6058991e+01  -5.9098692e+01  -5.8026927e+01  -5.6979998e+01  -6.1696856e+01  -6.5794099e+01  -6.5519201e+01  -6.0511838e+01
  -4.9749327e+01  -4.8647719e+01  -4.9430357e+01  -4.9719962e+01  -5.3565914e+01  -5.7254418e+01  -5.8781005e+01  -5.7513446e+01
  -4.5663824e+01  -5.0287161e+01  -5.4941524e+01  -5.5289178e+01  -5.8573634e+01  -6.0399959e+01  -5.9667490e+01  -5.8272822e+01
  -4.3287471e+01  -5.0594830e+01  -5.3053706e+01  -5.3339688e+01  -5.4178104e+01  -5.3473031e+01  -5.4022942e+01  -5.2775289e+01
  -4.5460942e+01  -5.2590932e+01  -5.4042565e+01  -5.4424246e+01  -5.5056302e+01  -5.4987093e+01  -5.5274659e+01  -5.3201077e+01
